partiesfile version 1
508 508
 1 0 0 p_main_party Main_Party 1048576 0 0 25 0 0 0 0 0 17.000000 52.500000 17.000000 52.500000 17.000000 52.500000 0.0 1 0 1 0 0 
0.000000
 1 1 1 p_temp_party {!}temp_party 256 0 0 1 0 0 0 0 0 0.000000 0.000000 0.000000 0.000000 0.000000 0.000000 0.0 0 
0.000000
 1 2 2 p_camp_bandits {!}camp_bandits 256 0 0 2 0 0 0 0 0 1.000000 1.000000 1.000000 1.000000 1.000000 1.000000 0.0 1 3 3 0 0 
0.000000
 1 3 3 p_temp_party_2 {!}temp_party_2 256 0 0 1 0 0 0 0 0 0.000000 0.000000 0.000000 0.000000 0.000000 0.000000 0.0 0 
0.000000
 1 4 4 p_temp_party_3 {!}temp_party_3 256 0 0 1 0 0 0 0 0 0.000000 0.000000 0.000000 0.000000 0.000000 0.000000 0.0 0 
0.000000
 1 5 5 p_temp_casualties {!}casualties 256 0 0 3 0 0 0 0 0 1.000000 1.000000 1.000000 1.000000 1.000000 1.000000 0.0 0 
0.000000
 1 6 6 p_temp_casualties_2 {!}casualties 256 0 0 3 0 0 0 0 0 1.000000 1.000000 1.000000 1.000000 1.000000 1.000000 0.0 0 
0.000000
 1 7 7 p_temp_casualties_3 {!}casualties 256 0 0 3 0 0 0 0 0 1.000000 1.000000 1.000000 1.000000 1.000000 1.000000 0.0 0 
0.000000
 1 8 8 p_temp_wounded {!}enemies_wounded 256 0 0 3 0 0 0 0 0 1.000000 1.000000 1.000000 1.000000 1.000000 1.000000 0.0 0 
0.000000
 1 9 9 p_temp_killed {!}enemies_killed 256 0 0 3 0 0 0 0 0 1.000000 1.000000 1.000000 1.000000 1.000000 1.000000 0.0 0 
0.000000
 1 10 10 p_main_party_backup {!}_ 256 0 0 3 0 0 0 0 0 1.000000 1.000000 1.000000 1.000000 1.000000 1.000000 0.0 0 
0.000000
 1 11 11 p_encountered_party_backup {!}_ 256 0 0 3 0 0 0 0 0 1.000000 1.000000 1.000000 1.000000 1.000000 1.000000 0.0 0 
0.000000
 1 12 12 p_collective_friends_backup {!}_ 256 0 0 3 0 0 0 0 0 1.000000 1.000000 1.000000 1.000000 1.000000 1.000000 0.0 0 
0.000000
 1 13 13 p_player_casualties {!}_ 256 0 0 3 0 0 0 0 0 1.000000 1.000000 1.000000 1.000000 1.000000 1.000000 0.0 0 
0.000000
 1 14 14 p_enemy_casualties {!}_ 256 0 0 3 0 0 0 0 0 1.000000 1.000000 1.000000 1.000000 1.000000 1.000000 0.0 0 
0.000000
 1 15 15 p_ally_casualties {!}_ 256 0 0 3 0 0 0 0 0 1.000000 1.000000 1.000000 1.000000 1.000000 1.000000 0.0 0 
0.000000
 1 16 16 p_collective_enemy {!}collective_enemy 256 0 0 3 0 0 0 0 0 1.000000 1.000000 1.000000 1.000000 1.000000 1.000000 0.0 0 
0.000000
 1 17 17 p_collective_ally {!}collective_ally 256 0 0 3 0 0 0 0 0 1.000000 1.000000 1.000000 1.000000 1.000000 1.000000 0.0 0 
0.000000
 1 18 18 p_collective_friends {!}collective_ally 256 0 0 3 0 0 0 0 0 1.000000 1.000000 1.000000 1.000000 1.000000 1.000000 0.0 0 
0.000000
 1 19 19 p_total_enemy_casualties {!}_ 256 0 0 3 0 0 0 0 0 1.000000 1.000000 1.000000 1.000000 1.000000 1.000000 0.0 0 
0.000000
 1 20 20 p_routed_enemies {!}routed_enemies 256 0 0 3 0 0 0 0 0 1.000000 1.000000 1.000000 1.000000 1.000000 1.000000 0.0 0 
0.000000
 1 21 21 p_zendar Zendar 2114829 0 0 3 0 0 0 0 0 18.000000 60.000000 18.000000 60.000000 18.000000 60.000000 0.0 0 
0.000000
 1 22 22 p_town_1 Pirate_King_Fortress 4219917 0 0 3 0 0 0 0 0 78.890000 -60.520000 78.890000 -60.520000 78.890000 -60.520000 0.0 0 
2.967060
 1 23 23 p_town_2 Karond_Kar 4219917 0 0 3 0 0 0 0 0 -110.040000 160.910000 -110.040000 160.910000 -110.040000 160.910000 0.0 0 
2.705260
 1 24 24 p_town_3 Marienburg 4219917 0 0 3 0 0 0 0 0 70.220000 122.420000 70.220000 122.420000 70.220000 122.420000 0.0 0 
0.837758
 1 25 25 p_town_4 Tlax 4219917 0 0 3 0 0 0 0 0 -3.230000 -187.850000 -3.230000 -187.850000 -3.230000 -187.850000 0.0 0 
5.061455
 1 26 26 p_town_5 Grom_Peak 4219917 0 0 3 0 0 0 0 0 240.730000 78.550000 240.730000 78.550000 240.730000 78.550000 0.0 0 
1.570796
 1 27 27 p_town_6 Mousillon 4219917 0 0 3 0 0 0 0 0 10.150000 94.240000 10.150000 94.240000 10.150000 94.240000 0.0 0 
2.338741
 1 28 28 p_town_7 Tlanxla 4219917 0 0 3 0 0 0 0 0 -108.060000 -176.760000 -108.060000 -176.760000 -108.060000 -176.760000 0.0 0 
4.188790
 1 29 29 p_town_8 Karak_Kadrin 4219917 0 0 3 0 0 0 0 0 237.980000 113.040000 237.980000 113.040000 237.980000 113.040000 0.0 0 
9.424778
 1 30 30 p_town_9 Karaz_A_Karak 4219961 0 0 3 0 0 0 0 0 224.760000 38.780000 224.760000 38.780000 224.760000 38.780000 0.0 0 
-3.019420
 1 31 31 p_town_10 Bloodhorn 4219918 0 0 3 0 0 0 0 0 139.580000 -60.100000 139.580000 -60.100000 139.580000 -60.100000 0.0 0 
5.410521
 1 32 32 p_town_11 Karak_Hirn 4219961 0 0 3 0 0 0 0 0 138.690000 28.850000 138.690000 28.850000 138.690000 28.850000 0.0 0 
5.096361
 1 33 33 p_town_12 Miragliano 4219917 0 0 3 0 0 0 0 0 50.100000 16.460000 50.100000 16.460000 50.100000 16.460000 0.0 0 
2.094395
 1 34 34 p_town_13 Nuln 4219917 0 0 3 0 0 0 0 0 136.400000 70.620000 136.400000 70.620000 136.400000 70.620000 0.0 0 
0.087266
 1 35 35 p_town_14 Da_Karak_Azgal 4219918 0 0 3 0 0 0 0 0 213.070000 -68.290000 213.070000 -68.290000 213.070000 -68.290000 0.0 0 
2.356194
 1 36 36 p_town_15 Brionne 4219917 0 0 3 0 0 0 0 0 21.610000 51.680000 21.610000 51.680000 21.610000 51.680000 0.0 0 
0.785398
 1 37 37 p_town_16 Clar_Karond 4219917 0 0 3 0 0 0 0 0 -149.000000 104.730000 -149.000000 104.730000 -149.000000 104.730000 0.0 0 
1.308997
 1 38 38 p_town_17 Iron_Rock 4219918 0 0 3 0 0 0 0 0 204.000000 -11.590000 204.000000 -11.590000 204.000000 -11.590000 0.0 0 
1.570796
 1 39 39 p_town_18 Skavenblight 4219918 0 0 3 0 0 0 0 0 19.770000 21.250000 19.770000 21.250000 19.770000 21.250000 0.0 0 
2.094395
 1 40 40 p_town_19 Khemri 4219919 0 0 3 0 0 0 0 0 151.210000 -111.730000 151.210000 -111.730000 151.210000 -111.730000 0.0 0 
0.785398
 1 41 41 p_town_20 Zandri 4219919 0 0 3 0 0 0 0 0 78.890000 -86.210000 78.890000 -86.210000 78.890000 -86.210000 0.0 0 
4.712389
 1 42 42 p_town_21 Ka-Sabar 4219919 0 0 3 0 0 0 0 0 155.520000 -158.630000 155.520000 -158.630000 155.520000 -158.630000 0.0 0 
5.759586
 1 43 43 p_town_22 Martek 4219919 0 0 3 0 0 0 0 0 -20.260000 -104.550000 -20.260000 -104.550000 -20.260000 -104.550000 0.0 0 
3.926991
 1 44 44 p_town_23 Talabheim 4219917 0 0 3 0 0 0 0 0 147.740000 107.030000 147.740000 107.030000 147.740000 107.030000 0.0 0 
0.785398
 1 45 45 p_town_24 Altdorf 4219917 0 0 3 0 0 0 0 0 105.610000 98.780000 105.610000 98.780000 105.610000 98.780000 0.0 0 
5.061455
 1 46 46 p_town_25 Middenheim 4219917 0 0 3 0 0 0 0 0 117.520000 126.720000 117.520000 126.720000 117.520000 126.720000 0.0 0 
0.314159
 1 47 47 p_town_26 Tor_Yvresse 4219917 0 0 3 0 0 0 0 0 -52.590000 -69.660000 -52.590000 -69.660000 -52.590000 -69.660000 0.0 0 
0.157080
 1 48 48 p_town_27 Lothern 4219917 0 0 3 0 0 0 0 0 -85.840000 -111.490000 -85.840000 -111.490000 -85.840000 -111.490000 0.0 0 
0.785398
 1 49 49 p_town_28 Tor_Anlec 4219917 0 0 3 0 0 0 0 0 -81.880000 -27.320000 -81.880000 -27.320000 -81.880000 -27.320000 0.0 0 
1.047198
 1 50 50 p_town_29 Goslor 4219922 0 0 3 0 0 0 0 0 16.170000 184.170000 16.170000 184.170000 16.170000 184.170000 0.0 0 
-3.019420
 1 51 51 p_town_30 Couronne 4219917 0 0 3 0 0 0 0 0 25.540000 135.960000 25.540000 135.960000 25.540000 135.960000 0.0 0 
3.141593
 1 52 52 p_town_31 Mount_Vanir 4219961 0 0 3 0 0 0 0 0 100.990000 194.190000 100.990000 194.190000 100.990000 194.190000 0.0 0 
5.096361
 1 53 53 p_town_32 Lashiek 4219919 0 0 3 0 0 0 0 0 -44.460000 -128.130000 -44.460000 -128.130000 -44.460000 -128.130000 0.0 0 
0.436332
 1 54 54 p_town_33 Putrid_Stump 4219918 0 0 3 0 0 0 0 0 101.010000 17.980000 101.010000 17.980000 101.010000 17.980000 0.0 0 
5.410521
 1 55 55 p_town_34 Kislev 4219961 0 0 3 0 0 0 0 0 202.320000 136.470000 202.320000 136.470000 202.320000 136.470000 0.0 0 
0.436332
 1 56 56 p_town_35 Askreved 4219961 0 0 3 0 0 0 0 0 194.400000 211.430000 194.400000 211.430000 194.400000 211.430000 0.0 0 
5.410521
 1 57 57 p_town_36 Naggarond 4219917 0 0 3 0 0 0 0 0 -155.770000 166.350000 -155.770000 166.350000 -155.770000 166.350000 0.0 0 
2.094395
 1 58 58 p_town_37 Praag 4219961 0 0 3 0 0 0 0 0 220.120000 171.210000 220.120000 171.210000 220.120000 171.210000 0.0 0 
1.570796
 1 59 59 p_town_38 Great_Horn 4219917 0 0 3 0 0 0 0 0 -54.750000 34.400000 -54.750000 34.400000 -54.750000 34.400000 0.0 0 
0.785398
 1 60 60 p_town_39 Kyominato 4219917 0 0 3 0 0 0 0 0 -171.820000 -62.800000 -171.820000 -62.800000 -171.820000 -62.800000 0.0 0 
4.712389
 1 61 61 p_town_40 Nadasaki 4219917 0 0 3 0 0 0 0 0 -147.040000 -108.420000 -147.040000 -108.420000 -147.040000 -108.420000 0.0 0 
5.759586
 1 62 62 p_town_41 Fukushami 4219917 0 0 3 0 0 0 0 0 -148.970000 -33.080000 -148.970000 -33.080000 -148.970000 -33.080000 0.0 0 
4.712389
 1 63 63 p_town_42 Da_Mighty_Fist 4219917 0 0 3 0 0 0 0 0 159.900000 -14.890000 159.900000 -14.890000 159.900000 -14.890000 0.0 0 
1.570796
 1 64 64 p_town_43 Camp_of_Skulls 4219917 0 0 3 0 0 0 0 0 -3.140000 6.540000 -3.140000 6.540000 -3.140000 6.540000 0.0 0 
4.712389
 1 65 65 p_town_44 Drakenhof 4219917 0 0 3 0 0 0 0 0 191.000000 78.820000 191.000000 78.820000 191.000000 78.820000 0.0 0 
2.094395
 1 66 66 p_town_45 Waldenhof 4219917 0 0 3 0 0 0 0 0 185.980000 98.440000 185.980000 98.440000 185.980000 98.440000 0.0 0 
1.570796
 1 67 67 p_town_46 Kings_Glade 4219917 0 0 3 0 0 0 0 0 101.880000 37.600000 101.880000 37.600000 101.880000 37.600000 0.0 0 
4.712389
 1 68 68 p_town_47 Glade_of_Eternal_Moonlight 4219917 0 0 3 0 0 0 0 0 96.010000 49.140000 96.010000 49.140000 96.010000 49.140000 0.0 0 
2.792527
 1 69 69 p_town_48 Bechafen 4219917 0 0 3 0 0 0 0 0 199.900000 125.290000 199.900000 125.290000 199.900000 125.290000 0.0 0 
3.141593
 1 70 70 p_town_49 Great_Ogham 4219922 0 0 3 0 0 0 0 0 -40.070000 156.710000 -40.070000 156.710000 -40.070000 156.710000 0.0 0 
4.712389
 1 71 71 p_castle_1 Parravon 4215860 0 0 3 0 0 0 0 0 95.300000 67.560000 95.300000 67.560000 95.300000 67.560000 0.0 0 
0.872665
 1 72 72 p_castle_2 Blackclaw_Lair 4215861 0 0 3 0 0 0 0 0 120.880000 -37.450000 120.880000 -37.450000 120.880000 -37.450000 0.0 0 
1.308997
 1 73 73 p_castle_3 Vulchaz_Fort 4215860 0 0 3 0 0 0 0 0 139.040000 -90.350000 139.040000 -90.350000 139.040000 -90.350000 0.0 0 
1.745329
 1 74 74 p_castle_4 Luccini 4215862 0 0 3 0 0 0 0 0 39.380000 -31.690000 39.380000 -31.690000 39.380000 -31.690000 0.0 0 
3.141593
 1 75 75 p_castle_5 Varieno 4215862 0 0 3 0 0 0 0 0 57.510000 -11.110000 57.510000 -11.110000 57.510000 -11.110000 0.0 0 
1.570796
 1 76 76 p_castle_6 Xahutec 4215860 0 0 3 0 0 0 0 0 -65.300000 -210.100000 -65.300000 -210.100000 -65.300000 -210.100000 0.0 0 
0.959931
 1 77 77 p_castle_7 Karak_Norn 4215867 0 0 3 0 0 0 0 0 120.340000 50.050000 120.340000 50.050000 120.340000 50.050000 0.0 0 
1.500983
 1 78 78 p_castle_8 Castle_Salzenmund 4215860 0 0 3 0 0 0 0 0 99.370000 146.920000 99.370000 146.920000 99.370000 146.920000 0.0 0 
0.523599
 1 79 79 p_castle_9 L_Anguille_Castle 4215860 0 0 3 0 0 0 0 0 4.590000 137.210000 4.590000 137.210000 4.590000 137.210000 0.0 0 
1.745329
 1 80 80 p_castle_10 Arnheim_Fortress 4215860 0 0 3 0 0 0 0 0 -134.470000 28.590000 -134.470000 28.590000 -134.470000 28.590000 0.0 0 
1.919862
 1 81 81 p_castle_11 Har_Ganeth 4215860 0 0 3 0 0 0 0 0 -127.220000 194.740000 -127.220000 194.740000 -127.220000 194.740000 0.0 0 
0.000000
 1 82 82 p_castle_12 Averheim 4215861 0 0 3 0 0 0 0 0 164.370000 68.350000 164.370000 68.350000 164.370000 68.350000 0.0 0 
1.658063
 1 83 83 p_castle_13 Setque 4215860 0 0 3 0 0 0 0 0 -27.330000 -201.220000 -27.330000 -201.220000 -27.330000 -201.220000 0.0 0 
2.007129
 1 84 84 p_castle_14 Kleitborg_Castle 4215864 0 0 3 0 0 0 0 0 53.430000 179.440000 53.430000 179.440000 53.430000 179.440000 0.0 0 
1.570796
 1 85 85 p_castle_15 Wolfenberg 4215860 0 0 3 0 0 0 0 0 158.330000 133.060000 158.330000 133.060000 158.330000 133.060000 0.0 0 
4.101524
 1 86 86 p_castle_16 Gisoreux_Castle 4215862 0 0 3 0 0 0 0 0 59.400000 98.780000 59.400000 98.780000 59.400000 98.780000 0.0 0 
0.785398
 1 87 87 p_castle_17 Crooked_Fang_Fort 4215860 0 0 3 0 0 0 0 0 182.130000 -49.030000 182.130000 -49.030000 182.130000 -49.030000 0.0 0 
4.537856
 1 88 88 p_castle_18 Karak_Izor 4215867 0 0 3 0 0 0 0 0 117.660000 20.460000 117.660000 20.460000 117.660000 20.460000 0.0 0 
5.654867
 1 89 89 p_castle_19 Da_Karak_Azul 4215867 0 0 3 0 0 0 0 0 226.360000 -57.890000 226.360000 -57.890000 226.360000 -57.890000 0.0 0 
4.886922
 1 90 90 p_castle_20 Castle_Reikguard 4215860 0 0 3 0 0 0 0 0 130.040000 90.320000 130.040000 90.320000 130.040000 90.320000 0.0 0 
4.537856
 1 91 91 p_castle_21 Montfort 4215860 0 0 3 0 0 0 0 0 72.570000 76.360000 72.570000 76.360000 72.570000 76.360000 0.0 0 
5.567600
 1 92 92 p_castle_22 Karak_Danmar 4215860 0 0 3 0 0 0 0 0 192.750000 61.060000 192.750000 61.060000 192.750000 61.060000 0.0 0 
4.537856
 1 93 93 p_castle_23 Hellspawn 4215860 0 0 3 0 0 0 0 0 -46.130000 19.470000 -46.130000 19.470000 -46.130000 19.470000 0.0 0 
1.396263
 1 94 94 p_castle_24 Pahuax 4215860 0 0 3 0 0 0 0 0 -164.830000 -156.930000 -164.830000 -156.930000 -164.830000 -156.930000 0.0 0 
4.537856
 1 95 95 p_castle_25 Chupayotl 4215860 0 0 3 0 0 0 0 0 -64.260000 -185.850000 -64.260000 -185.850000 -64.260000 -185.850000 0.0 0 
4.537856
 1 96 96 p_castle_26 Boar_Fang 4215860 0 0 3 0 0 0 0 0 241.020000 56.950000 241.020000 56.950000 241.020000 56.950000 0.0 0 
4.537856
 1 97 97 p_castle_27 Tlaxtlan 4215860 0 0 3 0 0 0 0 0 -122.920000 -193.430000 -122.920000 -193.430000 -122.920000 -193.430000 0.0 0 
4.537856
 1 98 98 p_castle_28 Fort_Oberstyre 4215860 0 0 3 0 0 0 0 0 168.030000 84.310000 168.030000 84.310000 168.030000 84.310000 0.0 0 
4.537856
 1 99 99 p_castle_29 Karag_Dromar 4215867 0 0 3 0 0 0 0 0 -18.150000 205.820000 -18.150000 205.820000 -18.150000 205.820000 0.0 0 
7.417649
 1 100 100 p_castle_30 Deff_Gorge_Fort 4215863 0 0 3 0 0 0 0 0 180.860000 -89.650000 180.860000 -89.650000 180.860000 -89.650000 0.0 0 
4.537856
 1 101 101 p_castle_31 Zhufbar 4215860 0 0 3 0 0 0 0 0 223.440000 84.410000 223.440000 84.410000 223.440000 84.410000 0.0 0 
4.764749
 1 102 102 p_castle_32 Barak_Varr 4215860 0 0 3 0 0 0 0 0 148.820000 4.140000 148.820000 4.140000 148.820000 4.140000 0.0 0 
6.143559
 1 103 103 p_castle_33 Bastonne_Castle 4215860 0 0 3 0 0 0 0 0 41.360000 86.340000 41.360000 86.340000 41.360000 86.340000 0.0 0 
1.396263
 1 104 104 p_castle_34 Dragon_Tooth_Castle 4215860 0 0 3 0 0 0 0 0 93.280000 -74.640000 93.280000 -74.640000 93.280000 -74.640000 0.0 0 
4.537856
 1 105 105 p_castle_35 Black_Crag 4215860 0 0 3 0 0 0 0 0 221.330000 -10.870000 221.330000 -10.870000 221.330000 -10.870000 0.0 0 
4.537856
 1 106 106 p_castle_36 Athel_Alar 4215860 0 0 3 0 0 0 0 0 -110.850000 -23.840000 -110.850000 -23.840000 -110.850000 -23.840000 0.0 0 
4.537856
 1 107 107 p_castle_37 Hoteks_Column 4215862 0 0 3 0 0 0 0 0 -111.760000 128.220000 -111.760000 128.220000 -111.760000 128.220000 0.0 0 
4.537856
 1 108 108 p_castle_38 Crooked_Moon_Fort 4215863 0 0 3 0 0 0 0 0 192.040000 -65.330000 192.040000 -65.330000 192.040000 -65.330000 0.0 0 
0.261799
 1 109 109 p_castle_39 Karak_Eight_Peaks 4215867 0 0 3 0 0 0 0 0 229.030000 -33.800000 229.030000 -33.800000 229.030000 -33.800000 0.0 0 
4.886922
 1 110 110 p_castle_40 Karak_Gantuk 4215863 0 0 3 0 0 0 0 0 155.930000 39.450000 155.930000 39.450000 155.930000 39.450000 0.0 0 
4.537856
 1 111 111 p_castle_41 Black_Tower 4215863 0 0 3 0 0 0 0 0 135.950000 -141.740000 135.950000 -141.740000 135.950000 -141.740000 0.0 0 
4.537856
 1 112 112 p_castle_42 Numas 4215863 0 0 3 0 0 0 0 0 173.780000 -102.410000 173.780000 -102.410000 173.780000 -102.410000 0.0 0 
1.396263
 1 113 113 p_castle_43 Quatar 4215863 0 0 3 0 0 0 0 0 181.000000 -143.990000 181.000000 -143.990000 181.000000 -143.990000 0.0 0 
4.537856
 1 114 114 p_castle_44 El_Shamab_Fortress 4215863 0 0 3 0 0 0 0 0 -51.420000 -141.280000 -51.420000 -141.280000 -51.420000 -141.280000 0.0 0 
4.537856
 1 115 115 p_castle_45 Copher 4215863 0 0 3 0 0 0 0 0 -43.070000 -104.930000 -43.070000 -104.930000 -43.070000 -104.930000 0.0 0 
1.308997
 1 116 116 p_castle_46 Fortress_of_Kasabar 4215863 0 0 3 0 0 0 0 0 91.950000 -156.620000 91.950000 -156.620000 91.950000 -156.620000 0.0 0 
4.537856
 1 117 117 p_castle_47 Bel_Aliad_Fortress 4215863 0 0 3 0 0 0 0 0 44.040000 -97.070000 44.040000 -97.070000 44.040000 -97.070000 0.0 0 
4.537856
 1 118 118 p_castle_48 Tanis 4215863 0 0 3 0 0 0 0 0 3.730000 -92.420000 3.730000 -92.420000 3.730000 -92.420000 0.0 0 
4.537856
 1 119 119 p_castle_49 Castle_Bergbres 4215861 0 0 3 0 0 0 0 0 72.610000 109.610000 72.610000 109.610000 72.610000 109.610000 0.0 0 
1.308997
 1 120 120 p_castle_50 Citadel_of_Ambarloce 4215860 0 0 3 0 0 0 0 0 -114.380000 -100.820000 -114.380000 -100.820000 -114.380000 -100.820000 0.0 0 
4.537856
 1 121 121 p_castle_51 Tower_of_Hoeth 4215860 0 0 3 0 0 0 0 0 -63.490000 -79.070000 -63.490000 -79.070000 -63.490000 -79.070000 0.0 0 
4.537856
 1 122 122 p_castle_52 Palace_of_the_Everqueen 4215860 0 0 3 0 0 0 0 0 -81.310000 -41.920000 -81.310000 -41.920000 -81.310000 -41.920000 0.0 0 
1.745329
 1 123 123 p_castle_53 Tor_Elyr 4215860 0 0 3 0 0 0 0 0 -114.730000 -80.130000 -114.730000 -80.130000 -114.730000 -80.130000 0.0 0 
0.959931
 1 124 124 p_castle_54 Suderholm_Castle 4215867 0 0 3 0 0 0 0 0 140.020000 205.670000 140.020000 205.670000 140.020000 205.670000 0.0 0 
1.500983
 1 125 125 p_castle_55 Halkild_Castle 4215867 0 0 3 0 0 0 0 0 69.310000 201.700000 69.310000 201.700000 69.310000 201.700000 0.0 0 
4.886922
 1 126 126 p_castle_56 Fester_Spike 4215860 0 0 3 0 0 0 0 0 90.010000 -4.580000 90.010000 -4.580000 90.010000 -4.580000 0.0 0 
0.261799
 1 127 127 p_castle_57 Foul_Peak 4215863 0 0 3 0 0 0 0 0 81.830000 19.550000 81.830000 19.550000 81.830000 19.550000 0.0 0 
4.537856
 1 128 128 p_castle_58 Black_Fortress 4215860 0 0 3 0 0 0 0 0 -100.690000 67.900000 -100.690000 67.900000 -100.690000 67.900000 0.0 0 
4.537856
 1 129 129 p_castle_59 Volkolamsk 4215867 0 0 3 0 0 0 0 0 222.460000 182.770000 222.460000 182.770000 222.460000 182.770000 0.0 0 
4.886922
 1 130 130 p_castle_60 Erengrad 4215867 0 0 3 0 0 0 0 0 163.200000 163.150000 163.200000 163.150000 163.200000 163.150000 0.0 0 
4.886922
 1 131 131 p_castle_61 Doomgorge 4215860 0 0 3 0 0 0 0 0 -19.740000 52.650000 -19.740000 52.650000 -19.740000 52.650000 0.0 0 
1.745329
 1 132 132 p_castle_62 Herdstone 4215860 0 0 3 0 0 0 0 0 -22.100000 20.500000 -22.100000 20.500000 -22.100000 20.500000 0.0 0 
1.396263
 1 133 133 p_castle_63 Gorespite 4215862 0 0 3 0 0 0 0 0 -74.300000 16.020000 -74.300000 16.020000 -74.300000 16.020000 0.0 0 
0.785398
 1 134 134 p_castle_64 Yokoya 4215860 0 0 3 0 0 0 0 0 -163.710000 -117.970000 -163.710000 -117.970000 -163.710000 -117.970000 0.0 0 
0.785398
 1 135 135 p_castle_65 Aoiyumi 4215860 0 0 3 0 0 0 0 0 -153.150000 -75.370000 -153.150000 -75.370000 -153.150000 -75.370000 0.0 0 
3.141593
 1 136 136 p_castle_66 Sakaya 4215860 0 0 3 0 0 0 0 0 -165.610000 -51.170000 -165.610000 -51.170000 -165.610000 -51.170000 0.0 0 
1.570796
 1 137 137 p_castle_67 Yamashinato 4215860 0 0 3 0 0 0 0 0 -163.100000 -11.130000 -163.100000 -11.130000 -163.100000 -11.130000 0.0 0 
3.141593
 1 138 138 p_castle_68 Kato 4215860 0 0 3 0 0 0 0 0 -162.730000 -21.860000 -162.730000 -21.860000 -162.730000 -21.860000 0.0 0 
3.141593
 1 139 139 p_castle_69 Vanhaldenschlosse 4215860 0 0 3 0 0 0 0 0 182.220000 80.700000 182.220000 80.700000 182.220000 80.700000 0.0 0 
2.356194
 1 140 140 p_castle_70 Templehof 4215860 0 0 3 0 0 0 0 0 181.660000 88.670000 181.660000 88.670000 181.660000 88.670000 0.0 0 
1.570796
 1 141 141 p_castle_71 Tefelheim 4215860 0 0 3 0 0 0 0 0 194.770000 91.960000 194.770000 91.960000 194.770000 91.960000 0.0 0 
4.764749
 1 142 142 p_castle_72 Mikalsdorf 4215860 0 0 3 0 0 0 0 0 182.620000 86.130000 182.620000 86.130000 182.620000 86.130000 0.0 0 
6.143559
 1 143 143 p_castle_73 Castle_Drakenhof 4215860 0 0 3 0 0 0 0 0 196.440000 73.580000 196.440000 73.580000 196.440000 73.580000 0.0 0 
0.174533
 1 144 144 p_castle_74 Vauls_Anvil 4215860 0 0 3 0 0 0 0 0 94.070000 40.460000 94.070000 40.460000 94.070000 40.460000 0.0 0 
4.537856
 1 145 145 p_castle_75 Tal_Amere 4215860 0 0 3 0 0 0 0 0 111.690000 30.290000 111.690000 30.290000 111.690000 30.290000 0.0 0 
2.792527
 1 146 146 p_castle_76 Glade_of_Eternal_Midnight 4215860 0 0 3 0 0 0 0 0 75.520000 40.390000 75.520000 40.390000 75.520000 40.390000 0.0 0 
0.523599
 1 147 147 p_castle_77 Tower_of_Eternal_Wood 4215862 0 0 3 0 0 0 0 0 104.020000 59.240000 104.020000 59.240000 104.020000 59.240000 0.0 0 
1.570796
 1 148 148 p_castle_78 Glade_of_the_Lost 4215863 0 0 3 0 0 0 0 0 105.830000 47.700000 105.830000 47.700000 105.830000 47.700000 0.0 0 
3.141593
 1 149 149 p_castle_79 Halls_of_Anacreth 4215867 0 0 3 0 0 0 0 0 84.550000 51.410000 84.550000 51.410000 84.550000 51.410000 0.0 0 
4.886922
 1 150 150 p_castle_80 Quenelles 4215863 0 0 3 0 0 0 0 0 64.420000 47.500000 64.420000 47.500000 64.420000 47.500000 0.0 0 
6.108652
 1 151 151 p_castle_81 Castle_Carcassonne 4215860 0 0 3 0 0 0 0 0 46.690000 40.280000 46.690000 40.280000 46.690000 40.280000 0.0 0 
0.261799
 1 152 152 p_castle_82 Castle_Artois 4215863 0 0 3 0 0 0 0 0 17.080000 116.460000 17.080000 116.460000 17.080000 116.460000 0.0 0 
2.967060
 1 153 153 p_castle_83 Tancred_Castle 4215860 0 0 3 0 0 0 0 0 48.160000 138.380000 48.160000 138.380000 48.160000 138.380000 0.0 0 
3.490658
 1 154 154 p_castle_84 Tor_Sethai 4215860 0 0 3 0 0 0 0 0 -121.890000 -85.950000 -121.890000 -85.950000 -121.890000 -85.950000 0.0 0 
3.874631
 1 155 155 p_castle_85 Heffengen 4215860 0 0 3 0 0 0 0 0 216.990000 118.410000 216.990000 118.410000 216.990000 118.410000 0.0 0 
6.108652
 1 156 156 p_castle_86 Bergenholt 4215860 0 0 3 0 0 0 0 0 203.500000 101.160000 203.500000 101.160000 203.500000 101.160000 0.0 0 
0.261799
 1 157 157 p_castle_87 Biersalhof 4215860 0 0 3 0 0 0 0 0 189.000000 108.580000 189.000000 108.580000 189.000000 108.580000 0.0 0 
2.967060
 1 158 158 p_castle_88 Blutdorf 4215860 0 0 3 0 0 0 0 0 152.630000 80.090000 152.630000 80.090000 152.630000 80.090000 0.0 0 
3.490658
 1 159 159 p_castle_89 Grenzstadt 4215860 0 0 3 0 0 0 0 0 181.400000 59.440000 181.400000 59.440000 181.400000 59.440000 0.0 0 
3.874631
 1 160 160 p_castle_90 Selthis_Lyst 4215867 0 0 3 0 0 0 0 0 165.060000 180.860000 165.060000 180.860000 165.060000 180.860000 0.0 0 
0.000000
 1 161 161 p_castle_91 Stromstaad 4215867 0 0 3 0 0 0 0 0 155.610000 189.110000 155.610000 189.110000 155.610000 189.110000 0.0 0 
2.967060
 1 162 162 p_castle_92 Thorshafn 4215867 0 0 3 0 0 0 0 0 185.350000 193.340000 185.350000 193.340000 185.350000 193.340000 0.0 0 
2.967060
 1 163 163 p_castle_93 Shraevold 4215867 0 0 3 0 0 0 0 0 207.800000 203.850000 207.800000 203.850000 207.800000 203.850000 0.0 0 
1.745329
 1 164 164 p_castle_94 Thorkavik 4215867 0 0 3 0 0 0 0 0 73.120000 186.200000 73.120000 186.200000 73.120000 186.200000 0.0 0 
0.000000
 1 165 165 p_castle_95 Stavgard 4215864 0 0 3 0 0 0 0 0 29.490000 182.660000 29.490000 182.660000 29.490000 182.660000 0.0 0 
0.261799
 1 166 166 p_castle_96 Gotland 4215867 0 0 3 0 0 0 0 0 186.430000 182.030000 186.430000 182.030000 186.430000 182.030000 0.0 0 
4.886922
 1 167 167 p_castle_97 Fort_Straghov 4215867 0 0 3 0 0 0 0 0 203.060000 189.490000 203.060000 189.490000 203.060000 189.490000 0.0 0 
1.221730
 1 168 168 p_castle_98 Skuggabjorg 4215867 0 0 3 0 0 0 0 0 169.790000 198.150000 169.790000 198.150000 169.790000 198.150000 0.0 0 
0.000000
 1 169 169 p_castle_99 Fort_Ostrock 4215867 0 0 3 0 0 0 0 0 204.850000 174.470000 204.850000 174.470000 204.850000 174.470000 0.0 0 
0.785398
 1 170 170 p_castle_100 Zvlenilev 4215867 0 0 3 0 0 0 0 0 211.750000 186.720000 211.750000 186.720000 211.750000 186.720000 0.0 0 
3.141593
 1 171 171 p_castle_101 Storm_Hall 4215860 0 0 3 0 0 0 0 0 31.880000 22.640000 31.880000 22.640000 31.880000 22.640000 0.0 0 
4.712389
 1 172 172 p_castle_102 Plague_Wind 4215860 0 0 3 0 0 0 0 0 37.880000 13.800000 37.880000 13.800000 37.880000 13.800000 0.0 0 
2.967060
 1 173 173 p_castle_103 Chamber_of_Pestilence 4215860 0 0 3 0 0 0 0 0 79.560000 2.050000 79.560000 2.050000 79.560000 2.050000 0.0 0 
1.745329
 1 174 174 p_castle_104 Twisted_Claw 4215860 0 0 3 0 0 0 0 0 86.840000 -18.180000 86.840000 -18.180000 86.840000 -18.180000 0.0 0 
1.221730
 1 175 175 p_castle_105 Festering_Pit 4215860 0 0 3 0 0 0 0 0 102.810000 0.900000 102.810000 0.900000 102.810000 0.900000 0.0 0 
0.610865
 1 176 176 p_castle_106 Kill_Zone 4215860 0 0 3 0 0 0 0 0 108.980000 4.870000 108.980000 4.870000 108.980000 4.870000 0.0 0 
3.316126
 1 177 177 p_castle_107 Lair_of_Cruelty 4215860 0 0 3 0 0 0 0 0 -7.160000 50.790000 -7.160000 50.790000 -7.160000 50.790000 0.0 0 
1.221730
 1 178 178 p_castle_108 Stampede 4215860 0 0 3 0 0 0 0 0 3.660000 44.930000 3.660000 44.930000 3.660000 44.930000 0.0 0 
0.610865
 1 179 179 p_castle_109 Dark_Shrine 4215860 0 0 3 0 0 0 0 0 -34.570000 23.020000 -34.570000 23.020000 -34.570000 23.020000 0.0 0 
3.316126
 1 180 180 p_castle_110 Citadel_of_Lead 4215864 0 0 3 0 0 0 0 0 -41.670000 177.710000 -41.670000 177.710000 -41.670000 177.710000 0.0 0 
1.570796
 1 181 181 p_castle_111 Tower_of_Llanog 4215864 0 0 3 0 0 0 0 0 -52.500000 161.960000 -52.500000 161.960000 -52.500000 161.960000 0.0 0 
3.141593
 1 182 182 p_village_1 Huezali 2114579 0 0 3 0 0 0 0 0 -98.470000 -198.450000 -98.470000 -198.450000 -98.470000 -198.450000 0.0 0 
1.745329
 1 183 183 p_village_2 Black_Eye 2114579 0 0 3 0 0 0 0 0 191.990000 -0.470000 191.990000 -0.470000 191.990000 -0.470000 0.0 0 
1.919862
 1 184 184 p_village_3 Delberz 2114579 0 0 3 0 0 0 0 0 108.740000 118.650000 108.740000 118.650000 108.740000 118.650000 0.0 0 
2.094395
 1 185 185 p_village_4 Texcolo 2114579 0 0 3 0 0 0 0 0 -40.900000 -210.580000 -40.900000 -210.580000 -40.900000 -210.580000 0.0 0 
2.268928
 1 186 186 p_village_5 Lockrafurt 2114579 0 0 3 0 0 0 0 0 160.750000 110.300000 160.750000 110.300000 160.750000 110.300000 0.0 0 
2.967060
 1 187 187 p_village_6 Lengenfeld 2114579 0 0 3 0 0 0 0 0 145.020000 70.750000 145.020000 70.750000 145.020000 70.750000 0.0 0 
1.745329
 1 188 188 p_village_7 Da_Houlaz 2114579 0 0 3 0 0 0 0 0 166.130000 -47.140000 166.130000 -47.140000 166.130000 -47.140000 0.0 0 
1.919862
 1 189 189 p_village_8 Sartosa 2114579 0 0 3 0 0 0 0 0 81.700000 -62.210000 81.700000 -62.210000 81.700000 -62.210000 0.0 0 
2.094395
 1 190 190 p_village_9 Larret 2114579 0 0 3 0 0 0 0 0 11.610000 108.290000 11.610000 108.290000 11.610000 108.290000 0.0 0 
2.268928
 1 191 191 p_village_10 Capelli 2114579 0 0 3 0 0 0 0 0 51.740000 -42.690000 51.740000 -42.690000 51.740000 -42.690000 0.0 0 
2.967060
 1 192 192 p_village_11 Broken_Tooth 2114579 0 0 3 0 0 0 0 0 207.590000 -13.560000 207.590000 -13.560000 207.590000 -13.560000 0.0 0 
1.745329
 1 193 193 p_village_12 Bugmans 2114579 0 0 3 0 0 0 0 0 136.080000 41.070000 136.080000 41.070000 136.080000 41.070000 0.0 0 
1.919862
 1 194 194 p_village_13 Skull_Crag 2114579 0 0 3 0 0 0 0 0 212.790000 -78.800000 212.790000 -78.800000 212.790000 -78.800000 0.0 0 
2.094395
 1 195 195 p_village_14 Khazid_Somjek 2114579 0 0 3 0 0 0 0 0 140.100000 3.850000 140.100000 3.850000 140.100000 3.850000 0.0 0 
2.268928
 1 196 196 p_village_15 Tehga 2114579 0 0 3 0 0 0 0 0 -134.500000 -197.120000 -134.500000 -197.120000 -134.500000 -197.120000 0.0 0 
2.967060
 1 197 197 p_village_16 High_Top 2114588 0 0 3 0 0 0 0 0 229.490000 -27.900000 229.490000 -27.900000 229.490000 -27.900000 0.0 0 
2.967060
 1 198 198 p_village_17 Grung_Grom 2114588 0 0 3 0 0 0 0 0 228.630000 107.100000 228.630000 107.100000 228.630000 107.100000 0.0 0 
0.610865
 1 199 199 p_village_18 Everpeak 2114588 0 0 3 0 0 0 0 0 232.270000 38.900000 232.270000 38.900000 232.270000 38.900000 0.0 0 
2.967060
 1 200 200 p_village_19 Karaz_Stromgorl 2114588 0 0 3 0 0 0 0 0 240.910000 105.120000 240.910000 105.120000 240.910000 105.120000 0.0 0 
2.967060
 1 201 201 p_village_20 Kazad_Urkbavak 2114588 0 0 3 0 0 0 0 0 220.540000 41.330000 220.540000 41.330000 220.540000 41.330000 0.0 0 
2.967060
 1 202 202 p_village_21 Kazad_Barangaz 2114588 0 0 3 0 0 0 0 0 223.170000 31.930000 223.170000 31.930000 223.170000 31.930000 0.0 0 
1.745329
 1 203 203 p_village_22 Khazid__Aldum 2114588 0 0 3 0 0 0 0 0 213.570000 79.560000 213.570000 79.560000 213.570000 79.560000 0.0 0 
1.919862
 1 204 204 p_village_23 Alencon 2114579 0 0 3 0 0 0 0 0 27.270000 155.450000 27.270000 155.450000 27.270000 155.450000 0.0 0 
2.094395
 1 205 205 p_village_24 Torpin 2114579 0 0 3 0 0 0 0 0 122.640000 101.720000 122.640000 101.720000 122.640000 101.720000 0.0 0 
2.268928
 1 206 206 p_village_25 Hex 2114579 0 0 3 0 0 0 0 0 -160.480000 101.930000 -160.480000 101.930000 -160.480000 101.930000 0.0 0 
2.967060
 1 207 207 p_village_26 Bordeleaux 2114579 0 0 3 0 0 0 0 0 29.930000 69.760000 29.930000 69.760000 29.930000 69.760000 0.0 0 
2.967060
 1 208 208 p_village_27 Chateau_D_Epee 2114579 0 0 3 0 0 0 0 0 36.160000 62.610000 36.160000 62.610000 36.160000 62.610000 0.0 0 
2.967060
 1 209 209 p_village_28 Iron_Claw 2114579 0 0 3 0 0 0 0 0 212.810000 7.180000 212.810000 7.180000 212.810000 7.180000 0.0 0 
2.967060
 1 210 210 p_village_29 Wuppertal 2114579 0 0 3 0 0 0 0 0 139.840000 63.600000 139.840000 63.600000 139.840000 63.600000 0.0 0 
2.967060
 1 211 211 p_village_30 Vercuso 2114579 0 0 3 0 0 0 0 0 88.950000 -71.250000 88.950000 -71.250000 88.950000 -71.250000 0.0 0 
2.967060
 1 212 212 p_village_31 Sokh 2114579 0 0 3 0 0 0 0 0 122.640000 131.710000 122.640000 131.710000 122.640000 131.710000 0.0 0 
1.745329
 1 213 213 p_village_32 Broken_Nozz 2114579 0 0 3 0 0 0 0 0 237.040000 72.980000 237.040000 72.980000 237.040000 72.980000 0.0 0 
1.919862
 1 214 214 p_village_33 Ghrond 2114579 0 0 3 0 0 0 0 0 -149.840000 202.540000 -149.840000 202.540000 -149.840000 202.540000 0.0 0 
2.094395
 1 215 215 p_village_34 Rabidis 2114579 0 0 3 0 0 0 0 0 -41.250000 12.280000 -41.250000 12.280000 -41.250000 12.280000 0.0 0 
2.268928
 1 216 216 p_village_35 Middenstag 2114579 0 0 3 0 0 0 0 0 119.260000 115.510000 119.260000 115.510000 119.260000 115.510000 0.0 0 
2.967060
 1 217 217 p_village_36 Roba 2114579 0 0 3 0 0 0 0 0 76.740000 -63.430000 76.740000 -63.430000 76.740000 -63.430000 0.0 0 
2.967060
 1 218 218 p_village_37 Spiteful 2114579 0 0 3 0 0 0 0 0 -123.840000 213.710000 -123.840000 213.710000 -123.840000 213.710000 0.0 0 
2.967060
 1 219 219 p_village_38 Khazid_Hafakz 2114579 0 0 3 0 0 0 0 0 159.860000 41.250000 159.860000 41.250000 159.860000 41.250000 0.0 0 
2.967060
 1 220 220 p_village_39 Derrevin_Libre 2114579 0 0 3 0 0 0 0 0 40.230000 69.190000 40.230000 69.190000 40.230000 69.190000 0.0 0 
2.967060
 1 221 221 p_village_40 Martel 2114579 0 0 3 0 0 0 0 0 0.480000 103.600000 0.480000 103.600000 0.480000 103.600000 0.0 0 
2.967060
 1 222 222 p_village_41 Teef_Snatchaz 2114579 0 0 3 0 0 0 0 0 150.380000 -38.940000 150.380000 -38.940000 150.380000 -38.940000 0.0 0 
1.745329
 1 223 223 p_village_42 Stinkinz 2114579 0 0 3 0 0 0 0 0 120.130000 -54.620000 120.130000 -54.620000 120.130000 -54.620000 0.0 0 
1.919862
 1 224 224 p_village_43 Rusty_Daggaz 2114579 0 0 3 0 0 0 0 0 156.950000 -62.470000 156.950000 -62.470000 156.950000 -62.470000 0.0 0 
2.094395
 1 225 225 p_village_44 Axotla 2114579 0 0 3 0 0 0 0 0 -149.660000 -168.940000 -149.660000 -168.940000 -149.660000 -168.940000 0.0 0 
2.268928
 1 226 226 p_village_45 Urbimo 2114579 0 0 3 0 0 0 0 0 49.230000 0.130000 49.230000 0.130000 49.230000 0.130000 0.0 0 
2.967060
 1 227 227 p_village_46 Hautmont 2114579 0 0 3 0 0 0 0 0 31.530000 130.400000 31.530000 130.400000 31.530000 130.400000 0.0 0 
2.967060
 1 228 228 p_village_47 Hochpointe 2114579 0 0 3 0 0 0 0 0 86.810000 79.670000 86.810000 79.670000 86.810000 79.670000 0.0 0 
2.967060
 1 229 229 p_village_48 Weissbruck 2114579 0 0 3 0 0 0 0 0 105.280000 92.080000 105.280000 92.080000 105.280000 92.080000 0.0 0 
2.967060
 1 230 230 p_village_49 Grung__Ikree 2114588 0 0 3 0 0 0 0 0 118.010000 23.540000 118.010000 23.540000 118.010000 23.540000 0.0 0 
0.174533
 1 231 231 p_village_50 Karaz_Dron 2114588 0 0 3 0 0 0 0 0 236.890000 118.410000 236.890000 118.410000 236.890000 118.410000 0.0 0 
2.967060
 1 232 232 p_village_51 Wrath 2114579 0 0 3 0 0 0 0 0 -146.050000 30.140000 -146.050000 30.140000 -146.050000 30.140000 0.0 0 
1.745329
 1 233 233 p_village_52 Fang_Rock 2114579 0 0 3 0 0 0 0 0 240.680000 85.130000 240.680000 85.130000 240.680000 85.130000 0.0 0 
1.919862
 1 234 234 p_village_53 Bernloch 2114579 0 0 3 0 0 0 0 0 188.900000 67.220000 188.900000 67.220000 188.900000 67.220000 0.0 0 
2.094395
 1 235 235 p_village_54 Dorog 2114579 0 0 3 0 0 0 0 0 171.630000 116.720000 171.630000 116.720000 171.630000 116.720000 0.0 0 
2.268928
 1 236 236 p_village_55 Crooked_Eye 2114579 0 0 3 0 0 0 0 0 237.120000 63.930000 237.120000 63.930000 237.120000 63.930000 0.0 0 
2.967060
 1 237 237 p_village_56 Doom 2114579 0 0 3 0 0 0 0 0 -112.320000 59.600000 -112.320000 59.600000 -112.320000 59.600000 0.0 0 
2.967060
 1 238 238 p_village_57 Wyvernz_Cliff 2114579 0 0 3 0 0 0 0 0 198.020000 -72.240000 198.020000 -72.240000 198.020000 -72.240000 0.0 0 
2.967060
 1 239 239 p_village_58 Kemperbad 2114579 0 0 3 0 0 0 0 0 135.360000 87.250000 135.360000 87.250000 135.360000 87.250000 0.0 0 
2.967060
 1 240 240 p_village_59 Worden 2114579 0 0 3 0 0 0 0 0 164.760000 78.950000 164.760000 78.950000 164.760000 78.950000 0.0 0 
2.967060
 1 241 241 p_village_60 Xholani 2114579 0 0 3 0 0 0 0 0 -74.500000 -176.440000 -74.500000 -176.440000 -74.500000 -176.440000 0.0 0 
2.967060
 1 242 242 p_village_61 Carroburg 2114579 0 0 3 0 0 0 0 0 97.190000 103.440000 97.190000 103.440000 97.190000 103.440000 0.0 0 
1.745329
 1 243 243 p_village_62 Viadaza 2114579 0 0 3 0 0 0 0 0 55.970000 9.000000 55.970000 9.000000 55.970000 9.000000 0.0 0 
1.745329
 1 244 244 p_village_63 Kroakpec 2114579 0 0 3 0 0 0 0 0 -19.470000 -210.580000 -19.470000 -210.580000 -19.470000 -210.580000 0.0 0 
1.745329
 1 245 245 p_village_64 Rennesse 2114579 0 0 3 0 0 0 0 0 18.110000 136.500000 18.110000 136.500000 18.110000 136.500000 0.0 0 
1.745329
 1 246 246 p_village_65 Alxan 2114579 0 0 3 0 0 0 0 0 -129.550000 -171.950000 -129.550000 -171.950000 -129.550000 -171.950000 0.0 0 
1.745329
 1 247 247 p_village_66 Grung_Rakadan 2114579 0 0 3 0 0 0 0 0 131.880000 25.560000 131.880000 25.560000 131.880000 25.560000 0.0 0 
1.745329
 1 248 248 p_village_67 Red_Shieldz 2114579 0 0 3 0 0 0 0 0 180.690000 -76.110000 180.690000 -76.110000 180.690000 -76.110000 0.0 0 
1.745329
 1 249 249 p_village_68 Erguy 2114579 0 0 3 0 0 0 0 0 -4.140000 139.620000 -4.140000 139.620000 -4.140000 139.620000 0.0 0 
1.745329
 1 250 250 p_village_69 Witch_Gate 2114579 0 0 3 0 0 0 0 0 -153.550000 76.630000 -153.550000 76.630000 -153.550000 76.630000 0.0 0 
1.745329
 1 251 251 p_village_70 Yremy 2114579 0 0 3 0 0 0 0 0 32.970000 97.860000 32.970000 97.860000 32.970000 97.860000 0.0 0 
1.745329
 1 252 252 p_village_71 Tsxilan 2114579 0 0 3 0 0 0 0 0 -78.710000 -203.160000 -78.710000 -203.160000 -78.710000 -203.160000 0.0 0 
0.349066
 1 253 253 p_village_72 Heideck 2114579 0 0 3 0 0 0 0 0 162.180000 60.590000 162.180000 60.590000 162.180000 60.590000 0.0 0 
1.047198
 1 254 254 p_village_73 Poussene 2114579 0 0 3 0 0 0 0 0 65.400000 89.140000 65.400000 89.140000 65.400000 89.140000 0.0 0 
0.959931
 1 255 255 p_village_74 Monoliths 2114579 0 0 3 0 0 0 0 0 -95.430000 154.360000 -95.430000 154.360000 -95.430000 154.360000 0.0 0 
0.261799
 1 256 256 p_village_75 Karaz_Grimstok 2114579 0 0 3 0 0 0 0 0 232.880000 -48.810000 232.880000 -48.810000 232.880000 -48.810000 0.0 0 
0.174533
 1 257 257 p_village_76 Ravola 2114579 0 0 3 0 0 0 0 0 64.580000 20.840000 64.580000 20.840000 64.580000 20.840000 0.0 0 
0.610865
 1 258 258 p_village_77 Obelheim 2114579 0 0 3 0 0 0 0 0 149.090000 97.220000 149.090000 97.220000 149.090000 97.220000 0.0 0 
2.792527
 1 259 259 p_village_78 Chambonnay 2114579 0 0 3 0 0 0 0 0 92.330000 70.190000 92.330000 70.190000 92.330000 70.190000 0.0 0 
3.141593
 1 260 260 p_village_79 Ravenstein 2114579 0 0 3 0 0 0 0 0 136.200000 106.710000 136.200000 106.710000 136.200000 106.710000 0.0 0 
0.000000
 1 261 261 p_village_80 Caragio 2114579 0 0 3 0 0 0 0 0 83.710000 -67.700000 83.710000 -67.700000 83.710000 -67.700000 0.0 0 
0.698132
 1 262 262 p_village_81 Gaean_Vale 2114579 0 0 3 0 0 0 0 0 -88.220000 -61.020000 -88.220000 -61.020000 -88.220000 -61.020000 0.0 0 
0.349066
 1 263 263 p_village_82 Xolani 2114579 0 0 3 0 0 0 0 0 -101.640000 -170.160000 -101.640000 -170.160000 -101.640000 -170.160000 0.0 0 
1.047198
 1 264 264 p_village_83 Maselhof 2114579 0 0 3 0 0 0 0 0 128.110000 66.840000 128.110000 66.840000 128.110000 66.840000 0.0 0 
0.959931
 1 265 265 p_village_84 Dark_Glade 2114579 0 0 3 0 0 0 0 0 -111.180000 84.980000 -111.180000 84.980000 -111.180000 84.980000 0.0 0 
0.261799
 1 266 266 p_village_85 Khazid_Gentaz 2114579 0 0 3 0 0 0 0 0 130.710000 29.190000 130.710000 29.190000 130.710000 29.190000 0.0 0 
0.174533
 1 267 267 p_village_86 Skull_Takerz 2114579 0 0 3 0 0 0 0 0 179.210000 -65.210000 179.210000 -65.210000 179.210000 -65.210000 0.0 0 
0.610865
 1 268 268 p_village_87 Grung_Gandaz 2114579 0 0 3 0 0 0 0 0 121.470000 47.530000 121.470000 47.530000 121.470000 47.530000 0.0 0 
2.792527
 1 269 269 p_village_88 Scabby_Eye 2114579 0 0 3 0 0 0 0 0 127.170000 -28.790000 127.170000 -28.790000 127.170000 -28.790000 0.0 0 
3.141593
 1 270 270 p_village_89 Chiccotta 2114579 0 0 3 0 0 0 0 0 3.030000 -193.210000 3.030000 -193.210000 3.030000 -193.210000 0.0 0 
0.000000
 1 271 271 p_village_90 Swamp_Hole 2114579 0 0 3 0 0 0 0 0 15.880000 13.490000 15.880000 13.490000 15.880000 13.490000 0.0 0 
0.698132
 1 272 272 p_village_91 Ayn 2114581 0 0 3 0 0 0 0 0 106.370000 -105.640000 106.370000 -105.640000 106.370000 -105.640000 0.0 0 
0.349066
 1 273 273 p_village_92 Murzuk 2114581 0 0 3 0 0 0 0 0 140.020000 -122.010000 140.020000 -122.010000 140.020000 -122.010000 0.0 0 
1.047198
 1 274 274 p_village_93 Qalyut 2114581 0 0 3 0 0 0 0 0 167.370000 -164.890000 167.370000 -164.890000 167.370000 -164.890000 0.0 0 
0.959931
 1 275 275 p_village_94 Mazigh 2114581 0 0 3 0 0 0 0 0 85.000000 -150.450000 85.000000 -150.450000 85.000000 -150.450000 0.0 0 
0.261799
 1 276 276 p_village_95 Thebes 2114581 0 0 3 0 0 0 0 0 138.020000 -109.850000 138.020000 -109.850000 138.020000 -109.850000 0.0 0 
0.174533
 1 277 277 p_village_96 Safi 2114581 0 0 3 0 0 0 0 0 -34.320000 -100.990000 -34.320000 -100.990000 -34.320000 -100.990000 0.0 0 
0.610865
 1 278 278 p_village_97 Stachir 2114581 0 0 3 0 0 0 0 0 -38.700000 -138.220000 -38.700000 -138.220000 -38.700000 -138.220000 0.0 0 
2.792527
 1 279 279 p_village_98 Top_Knotz 2114581 0 0 3 0 0 0 0 0 121.460000 -85.850000 121.460000 -85.850000 121.460000 -85.850000 0.0 0 
3.141593
 1 280 280 p_village_99 Jabel 2114581 0 0 3 0 0 0 0 0 -39.700000 -119.730000 -39.700000 -119.730000 -39.700000 -119.730000 0.0 0 
0.000000
 1 281 281 p_village_100 Damer 2114581 0 0 3 0 0 0 0 0 182.180000 -134.520000 182.180000 -134.520000 182.180000 -134.520000 0.0 0 
0.698132
 1 282 282 p_village_101 Tao 2114581 0 0 3 0 0 0 0 0 147.840000 -162.060000 147.840000 -162.060000 147.840000 -162.060000 0.0 0 
0.349066
 1 283 283 p_village_102 Oasis 2114581 0 0 3 0 0 0 0 0 7.930000 -107.630000 7.930000 -107.630000 7.930000 -107.630000 0.0 0 
1.047198
 1 284 284 p_village_103 Argigil 2114581 0 0 3 0 0 0 0 0 -9.390000 -87.540000 -9.390000 -87.540000 -9.390000 -87.540000 0.0 0 
0.959931
 1 285 285 p_village_104 Hihalla 2114581 0 0 3 0 0 0 0 0 94.810000 -94.280000 94.810000 -94.280000 94.810000 -94.280000 0.0 0 
0.261799
 1 286 286 p_village_105 Babids 2114581 0 0 3 0 0 0 0 0 -45.050000 -152.190000 -45.050000 -152.190000 -45.050000 -152.190000 0.0 0 
0.174533
 1 287 287 p_village_106 Al_Haikk 2114581 0 0 3 0 0 0 0 0 -26.270000 -89.970000 -26.270000 -89.970000 -26.270000 -89.970000 0.0 0 
0.610865
 1 288 288 p_village_107 Maharek 2114581 0 0 3 0 0 0 0 0 59.090000 -79.050000 59.090000 -79.050000 59.090000 -79.050000 0.0 0 
2.792527
 1 289 289 p_village_108 Korti 2114581 0 0 3 0 0 0 0 0 145.530000 -137.460000 145.530000 -137.460000 145.530000 -137.460000 0.0 0 
3.141593
 1 290 290 p_village_109 Suakin 2114581 0 0 3 0 0 0 0 0 183.910000 -112.210000 183.910000 -112.210000 183.910000 -112.210000 0.0 0 
0.000000
 1 291 291 p_village_110 Bel_Alladin 2114581 0 0 3 0 0 0 0 0 43.730000 -91.750000 43.730000 -91.750000 43.730000 -91.750000 0.0 0 
0.698132
 1 292 292 p_village_111 Athel_Urwalunce 2114579 0 0 3 0 0 0 0 0 -129.940000 -79.830000 -129.940000 -79.830000 -129.940000 -79.830000 0.0 0 
2.967060
 1 293 293 p_village_112 Tathren 2114579 0 0 3 0 0 0 0 0 -45.170000 -75.060000 -45.170000 -75.060000 -45.170000 -75.060000 0.0 0 
1.745329
 1 294 294 p_village_113 Ar_Yvraine 2114579 0 0 3 0 0 0 0 0 -65.840000 -102.600000 -65.840000 -102.600000 -65.840000 -102.600000 0.0 0 
1.919862
 1 295 295 p_village_114 Ar_Ninglor 2114579 0 0 3 0 0 0 0 0 -68.860000 -19.740000 -68.860000 -19.740000 -68.860000 -19.740000 0.0 0 
0.261799
 1 296 296 p_village_115 Shrine_of_Asuryan 2114579 0 0 3 0 0 0 0 0 -82.170000 -95.380000 -82.170000 -95.380000 -82.170000 -95.380000 0.0 0 
1.745329
 1 297 297 p_village_116 Ar_Londe 2114579 0 0 3 0 0 0 0 0 -105.380000 -19.700000 -105.380000 -19.700000 -105.380000 -19.700000 0.0 0 
1.919862
 1 298 298 p_village_117 Tamarha 2114579 0 0 3 0 0 0 0 0 -49.560000 -56.050000 -49.560000 -56.050000 -49.560000 -56.050000 0.0 0 
2.967060
 1 299 299 p_village_118 Vauls_Anvil 2114579 0 0 3 0 0 0 0 0 -113.970000 -119.190000 -113.970000 -119.190000 -113.970000 -119.190000 0.0 0 
2.792527
 1 300 300 p_village_119 Athel_Giroh 2114579 0 0 3 0 0 0 0 0 -101.000000 -107.390000 -101.000000 -107.390000 -101.000000 -107.390000 0.0 0 
2.967060
 1 301 301 p_village_120 Tiaonna 2114579 0 0 3 0 0 0 0 0 -69.010000 -87.120000 -69.010000 -87.120000 -69.010000 -87.120000 0.0 0 
1.745329
 1 302 302 p_village_121 Howling_Pass 2114588 0 0 3 0 0 0 0 0 150.400000 192.010000 150.400000 192.010000 150.400000 192.010000 0.0 0 
2.967060
 1 303 303 p_village_122 Kalevanvik 2114588 0 0 3 0 0 0 0 0 19.120000 208.940000 19.120000 208.940000 19.120000 208.940000 0.0 0 
0.610865
 1 304 304 p_village_123 Birka 2114588 0 0 3 0 0 0 0 0 115.460000 187.970000 115.460000 187.970000 115.460000 187.970000 0.0 0 
2.967060
 1 305 305 p_village_124 Skorlm 2114588 0 0 3 0 0 0 0 0 103.320000 184.590000 103.320000 184.590000 103.320000 184.590000 0.0 0 
2.967060
 1 306 306 p_village_125 Aarvik 2114588 0 0 3 0 0 0 0 0 94.150000 185.230000 94.150000 185.230000 94.150000 185.230000 0.0 0 
2.967060
 1 307 307 p_village_126 Heaorot 2114588 0 0 3 0 0 0 0 0 49.040000 187.320000 49.040000 187.320000 49.040000 187.320000 0.0 0 
1.745329
 1 308 308 p_village_127 Iskvard 2114588 0 0 3 0 0 0 0 0 5.350000 190.360000 5.350000 190.360000 5.350000 190.360000 0.0 0 
1.919862
 1 309 309 p_village_128 Skalaholt 2114588 0 0 3 0 0 0 0 0 30.400000 190.850000 30.400000 190.850000 30.400000 190.850000 0.0 0 
0.174533
 1 310 310 p_village_129 Trollbo 2114588 0 0 3 0 0 0 0 0 -19.180000 193.520000 -19.180000 193.520000 -19.180000 193.520000 0.0 0 
2.967060
 1 311 311 p_village_130 Vermin_Hole 2114579 0 0 3 0 0 0 0 0 90.190000 0.710000 90.190000 0.710000 90.190000 0.710000 0.0 0 
3.141593
 1 312 312 p_village_131 Black_Pit 2114579 0 0 3 0 0 0 0 0 91.850000 18.530000 91.850000 18.530000 91.850000 18.530000 0.0 0 
0.000000
 1 313 313 p_village_132 Swarm_Lair 2114579 0 0 3 0 0 0 0 0 92.140000 12.620000 92.140000 12.620000 92.140000 12.620000 0.0 0 
0.698132
 1 314 314 p_village_133 Gnawings 2114579 0 0 3 0 0 0 0 0 96.310000 8.910000 96.310000 8.910000 96.310000 8.910000 0.0 0 
3.141593
 1 315 315 p_village_134 Scratchpole 2114579 0 0 3 0 0 0 0 0 103.890000 14.700000 103.890000 14.700000 103.890000 14.700000 0.0 0 
0.000000
 1 316 316 p_village_135 High_Warren 2114579 0 0 3 0 0 0 0 0 10.090000 23.380000 10.090000 23.380000 10.090000 23.380000 0.0 0 
3.141593
 1 317 317 p_village_136 Low_Warren 2114579 0 0 3 0 0 0 0 0 16.150000 1.510000 16.150000 1.510000 16.150000 1.510000 0.0 0 
0.698132
 1 318 318 p_village_137 Malice 2114579 0 0 3 0 0 0 0 0 -126.230000 142.730000 -126.230000 142.730000 -126.230000 142.730000 0.0 0 
1.745329
 1 319 319 p_village_138 Abyss 2114579 0 0 3 0 0 0 0 0 -132.650000 94.230000 -132.650000 94.230000 -132.650000 94.230000 0.0 0 
2.967060
 1 320 320 p_village_139 Vologda 2114588 0 0 3 0 0 0 0 0 223.100000 155.180000 223.100000 155.180000 223.100000 155.180000 0.0 0 
2.967060
 1 321 321 p_village_140 Ostrody 2114588 0 0 3 0 0 0 0 0 191.320000 147.050000 191.320000 147.050000 191.320000 147.050000 0.0 0 
0.610865
 1 322 322 p_village_141 Deghov 2114588 0 0 3 0 0 0 0 0 227.050000 140.910000 227.050000 140.910000 227.050000 140.910000 0.0 0 
2.967060
 1 323 323 p_village_142 Skalafell 2114588 0 0 3 0 0 0 0 0 181.050000 198.320000 181.050000 198.320000 181.050000 198.320000 0.0 0 
3.141593
 1 324 324 p_village_143 Holmsteinn 2114588 0 0 3 0 0 0 0 0 176.840000 179.660000 176.840000 179.660000 176.840000 179.660000 0.0 0 
2.967060
 1 325 325 p_village_144 Gate_of_Shadows 2114588 0 0 3 0 0 0 0 0 214.390000 208.420000 214.390000 208.420000 214.390000 208.420000 0.0 0 
1.745329
 1 326 326 p_village_145 Tarantula 2114579 0 0 3 0 0 0 0 0 -18.850000 -190.030000 -18.850000 -190.030000 -18.850000 -190.030000 0.0 0 
2.268928
 1 327 327 p_village_146 Scorplax 2114579 0 0 3 0 0 0 0 0 -117.320000 -186.830000 -117.320000 -186.830000 -117.320000 -186.830000 0.0 0 
2.967060
 1 328 328 p_village_147 Avon 2114579 0 0 3 0 0 0 0 0 -56.590000 -80.210000 -56.590000 -80.210000 -56.590000 -80.210000 0.0 0 
2.792527
 1 329 329 p_village_148 Phoenix 2114579 0 0 3 0 0 0 0 0 -94.190000 -23.760000 -94.190000 -23.760000 -94.190000 -23.760000 0.0 0 
3.141593
 1 330 330 p_village_149 North_Watch 2114579 0 0 3 0 0 0 0 0 -82.270000 -7.660000 -82.270000 -7.660000 -82.270000 -7.660000 0.0 0 
0.000000
 1 331 331 p_village_150 Hag_Graef 2114579 0 0 3 0 0 0 0 0 -165.500000 140.350000 -165.500000 140.350000 -165.500000 140.350000 0.0 0 
2.967060
 1 332 332 p_village_151 Cold_Water 2114579 0 0 3 0 0 0 0 0 -151.700000 171.850000 -151.700000 171.850000 -151.700000 171.850000 0.0 0 
2.967060
 1 333 333 p_village_152 Bolgasgrad 2114588 0 0 3 0 0 0 0 0 216.680000 163.000000 216.680000 163.000000 216.680000 163.000000 0.0 0 
1.919862
 1 334 334 p_village_153 Mooste 2114588 0 0 3 0 0 0 0 0 232.100000 176.600000 232.100000 176.600000 232.100000 176.600000 0.0 0 
0.610865
 1 335 335 p_village_154 Sepukzy 2114588 0 0 3 0 0 0 0 0 229.200000 188.700000 229.200000 188.700000 229.200000 188.700000 0.0 0 
2.967060
 1 336 336 p_village_155 Velsk 2114588 0 0 3 0 0 0 0 0 181.220000 159.520000 181.220000 159.520000 181.220000 159.520000 0.0 0 
2.967060
 1 337 337 p_village_156 Petragrad 2114588 0 0 3 0 0 0 0 0 187.000000 136.300000 187.000000 136.300000 187.000000 136.300000 0.0 0 
2.967060
 1 338 338 p_village_157 Targorth 2114579 0 0 3 0 0 0 0 0 -43.620000 51.100000 -43.620000 51.100000 -43.620000 51.100000 0.0 0 
0.959931
 1 339 339 p_village_158 Murgor 2114579 0 0 3 0 0 0 0 0 -58.720000 25.250000 -58.720000 25.250000 -58.720000 25.250000 0.0 0 
2.268928
 1 340 340 p_village_159 Northgor 2114579 0 0 3 0 0 0 0 0 -57.600000 53.000000 -57.600000 53.000000 -57.600000 53.000000 0.0 0 
2.268928
 1 341 341 p_village_160 Barbclaw 2114579 0 0 3 0 0 0 0 0 -26.740000 60.600000 -26.740000 60.600000 -26.740000 60.600000 0.0 0 
0.698132
 1 342 342 p_village_161 Furgorn 2114579 0 0 3 0 0 0 0 0 -22.800000 11.500000 -22.800000 11.500000 -22.800000 11.500000 0.0 0 
2.967060
 1 343 343 p_village_162 Bloodhoof 2114579 0 0 3 0 0 0 0 0 -61.500000 16.250000 -61.500000 16.250000 -61.500000 16.250000 0.0 0 
1.919862
 1 344 344 p_village_163 Morito 2114579 0 0 3 0 0 0 0 0 -152.320000 -109.980000 -152.320000 -109.980000 -152.320000 -109.980000 0.0 0 
0.785398
 1 345 345 p_village_164 Numakata 2114579 0 0 3 0 0 0 0 0 -136.310000 -114.040000 -136.310000 -114.040000 -136.310000 -114.040000 0.0 0 
0.872665
 1 346 346 p_village_165 Juku_Zaki 2114579 0 0 3 0 0 0 0 0 -152.850000 -102.280000 -152.850000 -102.280000 -152.850000 -102.280000 0.0 0 
0.000000
 1 347 347 p_village_166 Shiroiki 2114579 0 0 3 0 0 0 0 0 -161.780000 -122.850000 -161.780000 -122.850000 -161.780000 -122.850000 0.0 0 
0.785398
 1 348 348 p_village_167 Doyayo 2114579 0 0 3 0 0 0 0 0 -178.390000 -66.970000 -178.390000 -66.970000 -178.390000 -66.970000 0.0 0 
1.570796
 1 349 349 p_village_168 Oheiya 2114579 0 0 3 0 0 0 0 0 -176.980000 -56.060000 -176.980000 -56.060000 -176.980000 -56.060000 0.0 0 
2.007129
 1 350 350 p_village_169 Hamajuku 2114579 0 0 3 0 0 0 0 0 -161.940000 -65.770000 -161.940000 -65.770000 -161.940000 -65.770000 0.0 0 
3.141593
 1 351 351 p_village_170 Kasamudo 2114579 0 0 3 0 0 0 0 0 -154.690000 -79.510000 -154.690000 -79.510000 -154.690000 -79.510000 0.0 0 
1.919862
 1 352 352 p_village_171 Ishiba 2114579 0 0 3 0 0 0 0 0 -172.210000 -47.930000 -172.210000 -47.930000 -172.210000 -47.930000 0.0 0 
1.570796
 1 353 353 p_village_172 Awuza 2114579 0 0 3 0 0 0 0 0 -154.060000 -37.270000 -154.060000 -37.270000 -154.060000 -37.270000 0.0 0 
1.570796
 1 354 354 p_village_173 Nikkobashi 2114579 0 0 3 0 0 0 0 0 -156.190000 -44.730000 -156.190000 -44.730000 -156.190000 -44.730000 0.0 0 
1.745329
 1 355 355 p_village_174 Gujo 2114579 0 0 3 0 0 0 0 0 -170.190000 -40.720000 -170.190000 -40.720000 -170.190000 -40.720000 0.0 0 
2.268928
 1 356 356 p_village_175 Obama 2114579 0 0 3 0 0 0 0 0 -162.520000 -14.310000 -162.520000 -14.310000 -162.520000 -14.310000 0.0 0 
1.570796
 1 357 357 p_village_176 Onomi 2114579 0 0 3 0 0 0 0 0 -151.020000 -25.780000 -151.020000 -25.780000 -151.020000 -25.780000 0.0 0 
1.570796
 1 358 358 p_village_177 Snotlings_Run 2114579 0 0 3 0 0 0 0 0 156.060000 -16.790000 156.060000 -16.790000 156.060000 -16.790000 0.0 0 
0.000000
 1 359 359 p_village_178 Boar_Pass 2114579 0 0 3 0 0 0 0 0 152.760000 -7.810000 152.760000 -7.810000 152.760000 -7.810000 0.0 0 
1.745329
 1 360 360 p_village_179 Gutspike 2114579 0 0 3 0 0 0 0 0 165.640000 -9.620000 165.640000 -9.620000 165.640000 -9.620000 0.0 0 
2.268928
 1 361 361 p_village_180 Feral_Pit 2114579 0 0 3 0 0 0 0 0 0.290000 -0.190000 0.290000 -0.190000 0.290000 -0.190000 0.0 0 
2.792527
 1 362 362 p_village_181 New_Moon 2114579 0 0 3 0 0 0 0 0 -6.200000 3.090000 -6.200000 3.090000 -6.200000 3.090000 0.0 0 
3.141593
 1 363 363 p_village_182 Regrakof 2114579 0 0 3 0 0 0 0 0 190.180000 82.150000 190.180000 82.150000 190.180000 82.150000 0.0 0 
0.785398
 1 364 364 p_village_183 Pfaffbach 2114579 0 0 3 0 0 0 0 0 187.000000 85.420000 187.000000 85.420000 187.000000 85.420000 0.0 0 
0.872665
 1 365 365 p_village_184 Nachtafen 2114579 0 0 3 0 0 0 0 0 185.080000 81.630000 185.080000 81.630000 185.080000 81.630000 0.0 0 
0.000000
 1 366 366 p_village_185 Hundham 2114579 0 0 3 0 0 0 0 0 188.210000 98.260000 188.210000 98.260000 188.210000 98.260000 0.0 0 
3.141593
 1 367 367 p_village_186 Thyrnau 2114579 0 0 3 0 0 0 0 0 187.240000 92.910000 187.240000 92.910000 187.240000 92.910000 0.0 0 
1.570796
 1 368 368 p_village_187 Egling 2114579 0 0 3 0 0 0 0 0 181.420000 95.560000 181.420000 95.560000 181.420000 95.560000 0.0 0 
2.356194
 1 369 369 p_village_188 Naubonum 2114579 0 0 3 0 0 0 0 0 182.780000 78.190000 182.780000 78.190000 182.780000 78.190000 0.0 0 
3.141593
 1 370 370 p_village_189 Eisigurt 2114579 0 0 3 0 0 0 0 0 178.370000 92.560000 178.370000 92.560000 178.370000 92.560000 0.0 0 
1.919862
 1 371 371 p_village_190 Grim_Moor 2114579 0 0 3 0 0 0 0 0 181.870000 84.310000 181.870000 84.310000 181.870000 84.310000 0.0 0 
1.570796
 1 372 372 p_village_191 Requiem 2114579 0 0 3 0 0 0 0 0 198.850000 89.720000 198.850000 89.720000 198.850000 89.720000 0.0 0 
3.316126
 1 373 373 p_village_192 Howling_Tomb 2114579 0 0 3 0 0 0 0 0 198.320000 75.760000 198.320000 75.760000 198.320000 75.760000 0.0 0 
4.712389
 1 374 374 p_village_193 Tal_Cullan 2114579 0 0 3 0 0 0 0 0 105.320000 37.200000 105.320000 37.200000 105.320000 37.200000 0.0 0 
2.268928
 1 375 375 p_village_194 Tal_Eth_Ayr 2114579 0 0 3 0 0 0 0 0 99.540000 40.510000 99.540000 40.510000 99.540000 40.510000 0.0 0 
1.570796
 1 376 376 p_village_195 Druthandor_Gate 2114579 0 0 3 0 0 0 0 0 105.610000 40.490000 105.610000 40.490000 105.610000 40.490000 0.0 0 
1.919862
 1 377 377 p_village_196 Delliandra 2114579 0 0 3 0 0 0 0 0 94.830000 54.130000 94.830000 54.130000 94.830000 54.130000 0.0 0 
0.785398
 1 378 378 p_village_197 Feast_Halls_of_the_Wardance 2114579 0 0 3 0 0 0 0 0 98.940000 47.300000 98.940000 47.300000 98.940000 47.300000 0.0 0 
0.872665
 1 379 379 p_village_198 Tal_Silvoch 2114579 0 0 3 0 0 0 0 0 101.340000 50.250000 101.340000 50.250000 101.340000 50.250000 0.0 0 
0.000000
 1 380 380 p_village_199 Tal_Dovar 2114579 0 0 3 0 0 0 0 0 91.070000 39.780000 91.070000 39.780000 91.070000 39.780000 0.0 0 
3.141593
 1 381 381 p_village_200 Coeth_Mara 2114579 0 0 3 0 0 0 0 0 109.520000 32.880000 109.520000 32.880000 109.520000 32.880000 0.0 0 
1.570796
 1 382 382 p_village_201 Tal_Draicha 2114579 0 0 3 0 0 0 0 0 102.320000 62.220000 102.320000 62.220000 102.320000 62.220000 0.0 0 
2.356194
 1 383 383 p_village_202 Tal_Stornos 2114579 0 0 3 0 0 0 0 0 74.910000 36.510000 74.910000 36.510000 74.910000 36.510000 0.0 0 
3.141593
 1 384 384 p_village_203 Tal_Enda_Varian 2114579 0 0 3 0 0 0 0 0 110.090000 47.800000 110.090000 47.800000 110.090000 47.800000 0.0 0 
1.919862
 1 385 385 p_village_204 Tal_Brianda 2114579 0 0 3 0 0 0 0 0 82.740000 48.130000 82.740000 48.130000 82.740000 48.130000 0.0 0 
1.570796
 1 386 386 p_village_205 Perrache 2114579 0 0 3 0 0 0 0 0 64.260000 51.340000 64.260000 51.340000 64.260000 51.340000 0.0 0 
3.316126
 1 387 387 p_village_206 Laguiller 2114579 0 0 3 0 0 0 0 0 50.640000 47.430000 50.640000 47.430000 50.640000 47.430000 0.0 0 
4.712389
 1 388 388 p_village_207 Vesin 2114579 0 0 3 0 0 0 0 0 19.810000 115.360000 19.810000 115.360000 19.810000 115.360000 0.0 0 
3.316126
 1 389 389 p_village_208 Landel_Barrow 2114579 0 0 3 0 0 0 0 0 46.230000 136.380000 46.230000 136.380000 46.230000 136.380000 0.0 0 
4.712389
 1 390 390 p_village_209 The_Way_of_Dreams 2114579 0 0 3 0 0 0 0 0 -116.660000 -85.120000 -116.660000 -85.120000 -116.660000 -85.120000 0.0 0 
2.967060
 1 391 391 p_village_210 Muckenhof 2114579 0 0 3 0 0 0 0 0 204.260000 120.830000 204.260000 120.830000 204.260000 120.830000 0.0 0 
0.872665
 1 392 392 p_village_211 Rugenbuttle 2114579 0 0 3 0 0 0 0 0 194.790000 119.410000 194.790000 119.410000 194.790000 119.410000 0.0 0 
0.000000
 1 393 393 p_village_212 Gerdowen 2114579 0 0 3 0 0 0 0 0 209.080000 127.020000 209.080000 127.020000 209.080000 127.020000 0.0 0 
3.141593
 1 394 394 p_village_213 Elbing 2114579 0 0 3 0 0 0 0 0 217.170000 114.670000 217.170000 114.670000 217.170000 114.670000 0.0 0 
1.570796
 1 395 395 p_village_214 Fitchebal 2114579 0 0 3 0 0 0 0 0 206.620000 107.070000 206.620000 107.070000 206.620000 107.070000 0.0 0 
2.356194
 1 396 396 p_village_215 Leszken 2114579 0 0 3 0 0 0 0 0 191.900000 107.300000 191.900000 107.300000 191.900000 107.300000 0.0 0 
3.141593
 1 397 397 p_village_216 Kircham 2114579 0 0 3 0 0 0 0 0 150.740000 78.660000 150.740000 78.660000 150.740000 78.660000 0.0 0 
1.919862
 1 398 398 p_village_217 Hochsleben 2114579 0 0 3 0 0 0 0 0 177.130000 59.470000 177.130000 59.470000 177.130000 59.470000 0.0 0 
1.570796
 1 399 399 p_village_218 Winterpyre 2114588 0 0 3 0 0 0 0 0 204.060000 213.480000 204.060000 213.480000 204.060000 213.480000 0.0 0 
1.570796
 1 400 400 p_village_219 Caves_of_Decay 2114588 0 0 3 0 0 0 0 0 192.010000 206.480000 192.010000 206.480000 192.010000 206.480000 0.0 0 
1.919862
 1 401 401 p_village_220 Unholy_Site 2114588 0 0 3 0 0 0 0 0 188.120000 216.080000 188.120000 216.080000 188.120000 216.080000 0.0 0 
1.570796
 1 402 402 p_village_221 Oss 2114588 0 0 3 0 0 0 0 0 67.990000 206.330000 67.990000 206.330000 67.990000 206.330000 0.0 0 
0.872665
 1 403 403 p_village_222 Hvarf 2114588 0 0 3 0 0 0 0 0 70.560000 191.150000 70.560000 191.150000 70.560000 191.150000 0.0 0 
0.000000
 1 404 404 p_village_223 Holmkelsa 2114588 0 0 3 0 0 0 0 0 18.980000 196.490000 18.980000 196.490000 18.980000 196.490000 0.0 0 
3.141593
 1 405 405 p_village_224 Ulfenwyr 2114588 0 0 3 0 0 0 0 0 186.940000 178.520000 186.940000 178.520000 186.940000 178.520000 0.0 0 
1.570796
 1 406 406 p_village_225 Mostyr 2114588 0 0 3 0 0 0 0 0 134.120000 209.050000 134.120000 209.050000 134.120000 209.050000 0.0 0 
2.356194
 1 407 407 p_village_226 Dhazhyn 2114588 0 0 3 0 0 0 0 0 200.080000 187.130000 200.080000 187.130000 200.080000 187.130000 0.0 0 
1.919862
 1 408 408 p_village_227 Gaular 2114588 0 0 3 0 0 0 0 0 174.210000 207.380000 174.210000 207.380000 174.210000 207.380000 0.0 0 
1.570796
 1 409 409 p_village_228 Iaryn 2114588 0 0 3 0 0 0 0 0 207.930000 170.970000 207.930000 170.970000 207.930000 170.970000 0.0 0 
1.919862
 1 410 410 p_village_229 Sveddra 2114588 0 0 3 0 0 0 0 0 218.840000 192.410000 218.840000 192.410000 218.840000 192.410000 0.0 0 
1.570796
 1 411 411 p_village_230 Squeek 2114579 0 0 3 0 0 0 0 0 30.990000 18.180000 30.990000 18.180000 30.990000 18.180000 0.0 0 
0.872665
 1 412 412 p_village_231 Warpfire 2114579 0 0 3 0 0 0 0 0 37.790000 10.300000 37.790000 10.300000 37.790000 10.300000 0.0 0 
0.000000
 1 413 413 p_village_232 Black_Nest 2114579 0 0 3 0 0 0 0 0 75.230000 -4.160000 75.230000 -4.160000 75.230000 -4.160000 0.0 0 
3.141593
 1 414 414 p_village_233 Reek 2114579 0 0 3 0 0 0 0 0 84.100000 -21.600000 84.100000 -21.600000 84.100000 -21.600000 0.0 0 
1.570796
 1 415 415 p_village_234 Vanquish 2114579 0 0 3 0 0 0 0 0 101.390000 -1.000000 101.390000 -1.000000 101.390000 -1.000000 0.0 0 
2.356194
 1 416 416 p_village_235 Labyrinth 2114579 0 0 3 0 0 0 0 0 104.260000 3.910000 104.260000 3.910000 104.260000 3.910000 0.0 0 
3.141593
 1 417 417 p_village_236 The_Gathering 2114579 0 0 3 0 0 0 0 0 -8.040000 46.200000 -8.040000 46.200000 -8.040000 46.200000 0.0 0 
1.919862
 1 418 418 p_village_237 Hall_of_Rage 2114579 0 0 3 0 0 0 0 0 10.430000 41.040000 10.430000 41.040000 10.430000 41.040000 0.0 0 
1.570796
 1 419 419 p_village_238 Splint 2114579 0 0 3 0 0 0 0 0 -33.230000 15.700000 -33.230000 15.700000 -33.230000 15.700000 0.0 0 
1.570796
 1 420 420 p_village_239 Mires 2114579 0 0 3 0 0 0 0 0 -33.950000 158.200000 -33.950000 158.200000 -33.950000 158.200000 0.0 0 
4.712389
 1 421 421 p_village_240 Pillar_of_Og_Agog 2114579 0 0 3 0 0 0 0 0 -39.240000 161.770000 -39.240000 161.770000 -39.240000 161.770000 0.0 0 
3.141593
 1 422 422 p_village_241 Great_Hogg 2114579 0 0 3 0 0 0 0 0 -45.690000 155.910000 -45.690000 155.910000 -45.690000 155.910000 0.0 0 
0.174533
 1 423 423 p_village_242 Forge_of_the_Old_Ones 2114579 0 0 3 0 0 0 0 0 -37.960000 178.020000 -37.960000 178.020000 -37.960000 178.020000 0.0 0 
4.712389
 1 424 424 p_village_243 Great_Marsh 2114579 0 0 3 0 0 0 0 0 -52.890000 159.390000 -52.890000 159.390000 -52.890000 159.390000 0.0 0 
1.047198
 1 425 425 p_salt_mine Salt_Mine 2114835 0 0 3 0 0 0 0 0 13.930000 -9.030000 13.930000 -9.030000 13.930000 -9.030000 0.0 0 
0.000000
 1 426 426 p_four_ways_inn Four_Ways_Inn 2114835 0 0 3 0 0 0 0 0 11.040000 -5.420000 11.040000 -5.420000 11.040000 -5.420000 0.0 0 
0.000000
 1 427 427 p_test_scene test_scene 2114835 0 0 3 0 0 0 0 0 7.380000 -13.180000 7.380000 -13.180000 7.380000 -13.180000 0.0 0 
0.000000
 1 428 428 p_battlefields battlefields 2114835 0 0 3 0 0 0 0 0 9.490000 -9.350000 9.490000 -9.350000 9.490000 -9.350000 0.0 0 
0.000000
 1 429 429 p_dhorak_keep Dhorak_Keep 2639117 0 0 3 0 0 0 0 0 -155.340000 -103.370000 -155.340000 -103.370000 -155.340000 -103.370000 0.0 0 
0.000000
 1 430 430 p_training_ground Training_Ground 2114879 0 0 3 0 0 0 0 0 137.000000 52.000000 137.000000 52.000000 137.000000 52.000000 0.0 0 
0.000000
 1 431 431 p_training_ground_1 Training_Field 2118719 0 0 3 0 0 0 0 0 108.000000 -70.000000 108.000000 -70.000000 108.000000 -70.000000 0.0 0 
1.745329
 1 432 432 p_training_ground_2 Training_Field 2118719 0 0 3 0 0 0 0 0 -12.000000 3.000000 -12.000000 3.000000 -12.000000 3.000000 0.0 0 
1.745329
 1 433 433 p_training_ground_3 Training_Field 2118719 0 0 3 0 0 0 0 0 160.000000 202.000000 160.000000 202.000000 160.000000 202.000000 0.0 0 
1.745329
 1 434 434 p_training_ground_4 Training_Field 2118719 0 0 3 0 0 0 0 0 137.000000 52.000000 137.000000 52.000000 137.000000 52.000000 0.0 0 
1.745329
 1 435 435 p_training_ground_5 Training_Field 2118719 0 0 3 0 0 0 0 0 -142.000000 -0.700000 -142.000000 -0.700000 -142.000000 -0.700000 0.0 0 
1.745329
 1 436 436 p_bridge_1 {!}1 541760 0 0 3 0 0 0 0 0 116.280000 95.870000 116.280000 95.870000 116.280000 95.870000 0.0 0 
2.268928
 1 437 437 p_bridge_2 {!}2 541760 0 0 3 0 0 0 0 0 165.860000 71.210000 165.860000 71.210000 165.860000 71.210000 0.0 0 
-0.069813
 1 438 438 p_bridge_3 {!}3 541760 0 0 3 0 0 0 0 0 -39.150000 -131.870000 -39.150000 -131.870000 -39.150000 -131.870000 0.0 0 
1.012291
 1 439 439 p_bridge_4 {!}4 525632 0 0 3 0 0 0 0 0 -43.000000 90.000000 -43.000000 90.000000 -43.000000 90.000000 0.0 0 
3.385939
 1 440 440 p_bridge_5 {!}5 541760 0 0 3 0 0 0 0 0 103.840000 102.160000 103.840000 102.160000 103.840000 102.160000 0.0 0 
3.019420
 1 441 441 p_bridge_6 {!}6 541762 0 0 3 0 0 0 0 0 46.980000 187.510000 46.980000 187.510000 46.980000 187.510000 0.0 0 
1.186824
 1 442 442 p_bridge_7 {!}7 541760 0 0 3 0 0 0 0 0 19.890000 95.220000 19.890000 95.220000 19.890000 95.220000 0.0 0 
0.139626
 1 443 443 p_bridge_8 {!}8 541762 0 0 3 0 0 0 0 0 7.800000 194.840000 7.800000 194.840000 7.800000 194.840000 0.0 0 
1.396263
 1 444 444 p_bridge_9 {!}9 541760 0 0 3 0 0 0 0 0 129.940000 69.400000 129.940000 69.400000 129.940000 69.400000 0.0 0 
1.047198
 1 445 445 p_bridge_10 {!}10 541760 0 0 3 0 0 0 0 0 134.120000 108.910000 134.120000 108.910000 134.120000 108.910000 0.0 0 
0.244346
 1 446 446 p_bridge_11 {!}11 541760 0 0 3 0 0 0 0 0 37.930000 72.200000 37.930000 72.200000 37.930000 72.200000 0.0 0 
0.174533
 1 447 447 p_bridge_12 {!}12 541761 0 0 3 0 0 0 0 0 151.270000 116.500000 151.270000 116.500000 151.270000 116.500000 0.0 0 
1.221730
 1 448 448 p_bridge_13 {!}13 541761 0 0 3 0 0 0 0 0 175.400000 113.800000 175.400000 113.800000 175.400000 113.800000 0.0 0 
0.226893
 1 449 449 p_bridge_14 {!}14 541761 0 0 3 0 0 0 0 0 21.380000 41.510000 21.380000 41.510000 21.380000 41.510000 0.0 0 
1.308997
 1 450 450 p_looter_spawn_point looter_sp 1280 0 0 2 0 0 0 0 0 91.000000 72.000000 91.000000 72.000000 91.000000 72.000000 0.0 1 887 15 0 0 
0.000000
 1 451 451 p_steppe_bandit_spawn_point Undead_Lair 1280 0 0 2 0 0 0 0 0 167.540000 61.480000 167.540000 61.480000 167.540000 61.480000 0.0 1 922 15 0 0 
0.000000
 1 452 452 p_goblin_bandit_spawn_point4 Goblin_Chokta_camp 1280 0 0 2 0 0 0 0 0 212.850000 59.180000 212.850000 59.180000 212.850000 59.180000 0.0 1 463 15 0 0 
0.000000
 1 453 453 p_goblin_bandit_spawn_point3 Pirate_camp 1280 0 0 2 0 0 0 0 0 -60.430000 -33.140000 -60.430000 -33.140000 -60.430000 -33.140000 0.0 1 932 15 0 0 
0.000000
 1 454 454 p_goblin_bandit_spawn_point6 goblin_Sarka_camp 1280 0 0 2 0 0 0 0 0 71.120000 9.900000 71.120000 9.900000 71.120000 9.900000 0.0 1 463 15 0 0 
0.000000
 1 455 455 p_sea_raider_spawn_point Chaos_Dwarf_camp 1280 0 0 2 0 0 0 0 0 -36.670000 177.020000 -36.670000 177.020000 -36.670000 177.020000 0.0 1 901 15 0 0 
0.000000
 1 456 456 p_desert_bandit2_spawn_point Desert_Reavers_camp 1280 0 0 2 0 0 0 0 0 145.810000 -144.880000 145.810000 -144.880000 145.810000 -144.880000 0.0 1 899 15 0 0 
0.000000
 1 457 457 p_amazon_bandit_spawn_point Amazon_wilds 1280 0 0 2 0 0 0 0 0 -59.450000 -214.020000 -59.450000 -214.020000 -59.450000 -214.020000 0.0 1 957 15 0 0 
0.000000
 1 458 458 p_hunter_bandit_spawn_point hunter_wilds 1280 0 0 2 0 0 0 0 0 -159.090000 -183.390000 -159.090000 -183.390000 -159.090000 -183.390000 0.0 1 899 15 0 0 
0.000000
 1 459 459 p_desert_bandit_spawn_point Desert_bandit_camp 1280 0 0 2 0 0 0 0 0 -12.430000 -115.950000 -12.430000 -115.950000 -12.430000 -115.950000 0.0 1 50 15 0 0 
0.000000
 1 460 460 p_goblin_bandit_spawn_point Forest_goblin_army_camp 1280 0 0 2 0 0 0 0 0 198.110000 18.080000 198.110000 18.080000 198.110000 18.080000 0.0 1 463 15 0 0 
0.000000
 1 461 461 p_taiga_bandit_spawn_point Taiga_bandits 1280 0 0 2 0 0 0 0 0 28.730000 117.880000 28.730000 117.880000 28.730000 117.880000 0.0 1 897 15 0 0 
0.000000
 1 462 462 p_sea_raider2_spawn_point another_Chaos_Dwarf_camp 1280 0 0 2 0 0 0 0 0 -106.270000 143.250000 -106.270000 143.250000 -106.270000 143.250000 0.0 1 901 15 0 0 
0.000000
 1 463 463 p_goblin_bandit_spawn_point5 goblin_Arapo_camp 1280 0 0 2 0 0 0 0 0 97.030000 -12.670000 97.030000 -12.670000 97.030000 -12.670000 0.0 1 463 15 0 0 
0.000000
 1 464 464 p_mountain_bandit_spawn_point Troll_lair 1280 0 0 2 0 0 0 0 0 200.000000 172.000000 200.000000 172.000000 200.000000 172.000000 0.0 1 896 15 0 0 
0.000000
 1 465 465 p_beastmen_bandit_spawn_point Beastman_Horde 1280 0 0 2 0 0 0 0 0 -28.840000 51.350000 -28.840000 51.350000 -28.840000 51.350000 0.0 1 901 15 0 0 
0.000000
 1 466 466 p_nippon_bandit_spawn_point ninja_lair 1280 0 0 2 0 0 0 0 0 -170.250000 -135.420000 -170.250000 -135.420000 -170.250000 -135.420000 0.0 1 74 15 0 0 
0.000000
 1 467 467 p_goblin_bandit_spawn_point2 goblin_Totna_camp 1280 0 0 2 0 0 0 0 0 190.680000 70.420000 190.680000 70.420000 190.680000 70.420000 0.0 1 463 15 0 0 
0.000000
 1 468 468 p_amazon_hunters_spawn_point Amazon_hunters_camp 1280 0 0 2 0 0 0 0 0 86.720000 31.050000 86.720000 31.050000 86.720000 31.050000 0.0 1 463 15 0 0 
0.000000
 1 469 469 p_demon_army_spawn_point army_1 1280 0 0 2 0 0 0 0 0 194.200000 112.640000 194.200000 112.640000 194.200000 112.640000 0.0 0 
0.000000
 1 470 470 p_demon_army2_spawn_point army_7 1280 0 0 2 0 0 0 0 0 3.390000 127.110000 3.390000 127.110000 3.390000 127.110000 0.0 0 
0.000000
 1 471 471 p_nurgle_army_spawn_point army_2 1280 0 0 2 0 0 0 0 0 104.400000 64.050000 104.400000 64.050000 104.400000 64.050000 0.0 0 
0.000000
 1 472 472 p_khorne_army_spawn_point army_3 1280 0 0 2 0 0 0 0 0 68.800000 4.010000 68.800000 4.010000 68.800000 4.010000 0.0 0 
0.000000
 1 473 473 p_khorne_army2_spawn_point army_8 1280 0 0 2 0 0 0 0 0 -122.630000 40.120000 -122.630000 40.120000 -122.630000 40.120000 0.0 0 
0.000000
 1 474 474 p_chaos_dwarf_army_spawn_point army_4 1280 0 0 2 0 0 0 0 0 23.460000 -101.830000 23.460000 -101.830000 23.460000 -101.830000 0.0 0 
0.000000
 1 475 475 p_chaos_dwarf_army2_spawn_point army_9 1280 0 0 2 0 0 0 0 0 -45.140000 162.740000 -45.140000 162.740000 -45.140000 162.740000 0.0 0 
0.000000
 1 476 476 p_ogre_army_spawn_point army_5 1280 0 0 2 0 0 0 0 0 172.670000 -31.040000 172.670000 -31.040000 172.670000 -31.040000 0.0 0 
0.000000
 1 477 477 p_ninja_army_spawn_point army_6 1280 0 0 2 0 0 0 0 0 72.150000 212.510000 72.150000 212.510000 72.150000 212.510000 0.0 0 
0.000000
 1 478 478 p_ninja_army2_spawn_point army_10 1280 0 0 2 0 0 0 0 0 -65.290000 26.500000 -65.290000 26.500000 -65.290000 26.500000 0.0 0 
0.000000
 1 479 479 p_ship_raider_spawn_point_1 the_ocean 1280 0 0 2 0 0 0 0 0 0.800000 165.400000 0.800000 165.400000 0.800000 165.400000 0.0 1 887 15 0 0 
0.000000
 1 480 480 p_raider_spawn_point_1 the_oceantwo 1280 0 0 2 0 0 0 0 0 -105.000000 9.600000 -105.000000 9.600000 -105.000000 9.600000 0.0 1 887 15 0 0 
0.000000
 1 481 481 p_ship_pirate_spawn_point_1 the_oceanthree 1280 0 0 2 0 0 0 0 0 -97.000000 -149.000000 -97.000000 -149.000000 -97.000000 -149.000000 0.0 1 887 15 0 0 
0.000000
 1 482 482 p_mercenary_band_1_spawn_point mercenary_band_1_sp 1280 0 0 3 0 0 0 0 0 114.520000 83.060000 114.520000 83.060000 114.520000 83.060000 0.0 1 887 15 0 0 
0.000000
 1 483 483 p_mercenary_band_2_spawn_point mercenary_band_2_sp 1280 0 0 3 0 0 0 0 0 227.800000 38.200000 227.800000 38.200000 227.800000 38.200000 0.0 1 887 15 0 0 
0.000000
 1 484 484 p_mercenary_band_3_spawn_point mercenary_band_3_sp 1280 0 0 3 0 0 0 0 0 -95.600000 -19.700000 -95.600000 -19.700000 -95.600000 -19.700000 0.0 1 887 15 0 0 
0.000000
 1 485 485 p_mercenary_band_4_spawn_point mercenary_band_4_sp 1280 0 0 3 0 0 0 0 0 -53.070000 163.510000 -53.070000 163.510000 -53.070000 163.510000 0.0 1 887 15 0 0 
0.000000
 1 486 486 p_mercenary_band_5_spawn_point mercenary_band_5_sp 1280 0 0 3 0 0 0 0 0 183.410000 187.140000 183.410000 187.140000 183.410000 187.140000 0.0 1 887 15 0 0 
0.000000
 1 487 487 p_mercenary_band_6_spawn_point mercenary_band_6_sp 1280 0 0 3 0 0 0 0 0 162.000000 -138.000000 162.000000 -138.000000 162.000000 -138.000000 0.0 1 887 15 0 0 
0.000000
 1 488 488 p_mercenary_band_7_spawn_point mercenary_band_7_sp 1280 0 0 3 0 0 0 0 0 -135.000000 -189.000000 -135.000000 -189.000000 -135.000000 -189.000000 0.0 1 887 15 0 0 
0.000000
 1 489 489 p_mercenary_band_8_spawn_point mercenary_band_8_sp 1280 0 0 3 0 0 0 0 0 166.000000 -47.000000 166.000000 -47.000000 166.000000 -47.000000 0.0 1 887 15 0 0 
0.000000
 1 490 490 p_mercenary_band_9_spawn_point mercenary_band_9_sp 1280 0 0 3 0 0 0 0 0 -15.050000 -95.370000 -15.050000 -95.370000 -15.050000 -95.370000 0.0 1 887 15 0 0 
0.000000
 1 491 491 p_mercenary_band_10_spawn_point mercenary_band_10_sp 1280 0 0 3 0 0 0 0 0 200.330000 14.080000 200.330000 14.080000 200.330000 14.080000 0.0 1 887 15 0 0 
0.000000
 1 492 492 p_mercenary_band_11_spawn_point mercenary_band_11_sp 1280 0 0 3 0 0 0 0 0 42.470000 56.960000 42.470000 56.960000 42.470000 56.960000 0.0 1 887 15 0 0 
0.000000
 1 493 493 p_mercenary_band_12_spawn_point mercenary_band_12_sp 1280 0 0 3 0 0 0 0 0 -108.870000 75.640000 -108.870000 75.640000 -108.870000 75.640000 0.0 1 887 15 0 0 
0.000000
 1 494 494 p_mercenary_band_13_spawn_point mercenary_band_13_sp 1280 0 0 3 0 0 0 0 0 32.800000 22.180000 32.800000 22.180000 32.800000 22.180000 0.0 1 887 15 0 0 
0.000000
 1 495 495 p_mercenary_band_14_spawn_point mercenary_band_14_sp 1280 0 0 3 0 0 0 0 0 197.910000 173.770000 197.910000 173.770000 197.910000 173.770000 0.0 1 887 15 0 0 
0.000000
 1 496 496 p_mercenary_band_15_spawn_point mercenary_band_15_sp 1280 0 0 3 0 0 0 0 0 -53.240000 46.940000 -53.240000 46.940000 -53.240000 46.940000 0.0 1 887 15 0 0 
0.000000
 1 497 497 p_mercenary_band_16_spawn_point mercenary_band_16_sp 1280 0 0 3 0 0 0 0 0 -151.400000 -111.980000 -151.400000 -111.980000 -151.400000 -111.980000 0.0 1 887 15 0 0 
0.000000
 1 498 498 p_mercenary_band_17_spawn_point mercenary_band_17_sp 1280 0 0 3 0 0 0 0 0 177.760000 78.730000 177.760000 78.730000 177.760000 78.730000 0.0 1 887 15 0 0 
0.000000
 1 499 499 p_mercenary_band_18_spawn_point mercenary_band_18_sp 1280 0 0 3 0 0 0 0 0 83.210000 52.000000 83.210000 52.000000 83.210000 52.000000 0.0 1 887 15 0 0 
0.000000
 1 500 500 p_sorceror_spawn_point quest_1 1280 0 0 3 0 0 0 0 0 -46.440000 163.280000 -46.440000 163.280000 -46.440000 163.280000 0.0 0 
0.000000
 1 501 501 p_chevalier_spawn_point quest_2 1280 0 0 3 0 0 0 0 0 0.480000 105.600000 0.480000 105.600000 0.480000 105.600000 0.0 0 
0.000000
 1 502 502 p_spawn_points_end {!}last_spawn_point 1280 0 0 1 0 0 0 0 0 0.000000 0.000000 0.000000 0.000000 0.000000 0.000000 0.0 1 887 15 0 0 
0.000000
 1 503 503 p_reserved_1 {!}last_spawn_point 1280 0 0 1 0 0 0 0 0 0.000000 0.000000 0.000000 0.000000 0.000000 0.000000 0.0 1 887 15 0 0 
0.000000
 1 504 504 p_reserved_2 {!}last_spawn_point 1280 0 0 1 0 0 0 0 0 0.000000 0.000000 0.000000 0.000000 0.000000 0.000000 0.0 1 887 15 0 0 
0.000000
 1 505 505 p_reserved_3 {!}last_spawn_point 1280 0 0 1 0 0 0 0 0 0.000000 0.000000 0.000000 0.000000 0.000000 0.000000 0.0 1 887 15 0 0 
0.000000
 1 506 506 p_reserved_4 {!}last_spawn_point 1280 0 0 1 0 0 0 0 0 0.000000 0.000000 0.000000 0.000000 0.000000 0.000000 0.0 1 887 15 0 0 
0.000000
 1 507 507 p_reserved_5 {!}last_spawn_point 1280 0 0 1 0 0 0 0 0 0.000000 0.000000 0.000000 0.000000 0.000000 0.000000 0.0 1 887 15 0 0 
0.000000
