particle_systemsfile version 1
258
psys_game_rain 274 prtcl_rain  500 0.500000 0.330000 1.000000 10.000000 0.000000 
1.000000 0.300000   1.000000 0.300000
1.000000 1.000000   1.000000 1.000000
1.000000 1.000000   1.000000 1.000000
1.000000 1.000000   1.000000 1.000000
1.000000 1.000000   1.000000 1.000000
8.200000 8.200000 0.200000   0.000000 0.000000 -10.000000   0.000000 
0.000000 0.500000 
psys_game_snow 12818 prt_mesh_snow_fall_1  150 2.000000 0.200000 0.100000 30.000000 20.000000 
0.200000 1.000000   1.000000 1.000000
1.000000 1.000000   1.000000 1.000000
1.000000 1.000000   1.000000 1.000000
1.000000 1.000000   1.000000 1.000000
1.000000 1.000000   1.000000 1.000000
10.000000 10.000000 0.500000   0.000000 0.000000 -5.000000   1.000000 
200.000000 0.500000 
psys_game_blood 12800 prt_mesh_blood_1  5000 5.650000 3.000000 0.900000 10.000000 10.000000 
0.000000 1.000000   1.000000 1.000000
0.100000 0.900000   1.000000 0.900000
0.100000 0.700000   1.000000 0.700000
0.100000 0.700000   1.000000 0.700000
0.100000 0.020000   1.000000 0.150000
0.000000 0.050000 0.000000   0.600000 1.100000 1.200000   0.000000 
0.000000 0.000000 
psys_game_blood_2 12800 prt_mesh_blood_3  5000 0.800000 3.000000 1.100000 10.000000 10.000000 
0.100000 0.600000   1.000000 0.100000
0.100000 0.500000   1.000000 0.700000
0.100000 0.500000   1.000000 0.700000
0.100000 0.500000   1.000000 0.700000
0.100000 0.100000   1.000000 0.750000
0.000000 0.050000 0.000000   0.900000 0.100000 0.200000   0.900000 
0.000000 0.000000 
psys_game_blood_3 12800 prt_mesh_blood_3  2000 0.600000 3.000000 0.300000 0.000000 0.000000 
0.000000 0.250000   0.700000 0.100000
0.100000 0.700000   1.000000 0.700000
0.100000 0.700000   1.000000 0.700000
0.100000 0.700000   1.000000 0.700000
0.000000 0.150000   3.000000 0.350000
0.010000 0.200000 0.010000   0.200000 0.300000 0.000000   0.300000 
150.000000 0.000000 
psys_game_hoof_dust 78336 prt_mesh_dust_1  5 2.000000 10.000000 0.050000 10.000000 39.000000 
0.200000 0.500000   1.000000 0.000000
0.000000 1.000000   1.000000 1.000000
0.000000 0.900000   1.000000 0.900000
0.000000 0.780000   1.000000 0.780000
0.000000 2.000000   1.000000 3.500000
0.200000 0.300000 0.200000   0.000000 0.000000 3.900000   0.500000 
130.000000 0.500000 
psys_game_hoof_dust_snow 8704 prt_mesh_snow_dust_1  6 2.000000 3.500000 1.000000 10.000000 0.000000 
0.200000 1.000000   1.000000 1.000000
0.000000 1.000000   1.000000 1.000000
0.000000 1.000000   1.000000 1.000000
0.000000 1.000000   1.000000 1.000000
0.500000 4.000000   1.000000 5.700000
0.200000 1.000000 0.100000   0.000000 0.000000 1.000000   2.000000 
0.000000 0.000000 
psys_game_hoof_dust_mud 78080 prt_mesh_mud_1  5 0.700000 10.000000 3.000000 0.000000 0.000000 
0.000000 1.000000   1.000000 1.000000
0.000000 0.700000   1.000000 0.700000
0.000000 0.600000   1.000000 0.600000
0.000000 0.400000   1.000000 0.400000
0.000000 0.200000   1.000000 0.220000
0.150000 0.500000 0.100000   0.000000 0.000000 15.000000   6.000000 
200.000000 0.500000 
psys_game_water_splash_1 12832 prtcl_drop  20 0.850000 0.250000 0.900000 10.000000 0.000000 
0.300000 0.500000   1.000000 0.000000
1.000000 1.000000   1.000000 1.000000
1.000000 1.000000   1.000000 1.000000
1.000000 1.000000   1.000000 1.000000
0.000000 0.300000   1.000000 0.180000
0.300000 0.200000 0.100000   0.000000 1.200000 2.300000   0.300000 
50.000000 0.500000 
psys_game_water_splash_2 12832 prtcl_splash_b  30 0.400000 0.700000 0.500000 10.000000 0.000000 
0.300000 1.000000   1.000000 0.300000
1.000000 1.000000   1.000000 1.000000
1.000000 1.000000   1.000000 1.000000
1.000000 1.000000   1.000000 1.000000
0.000000 0.250000   1.000000 0.700000
0.400000 0.300000 0.100000   0.000000 1.300000 1.100000   0.100000 
50.000000 0.500000 
psys_game_water_splash_3 32 prt_mesh_water_wave_1  5 2.000000 0.000000 0.000000 10.000000 0.000000 
0.030000 0.200000   1.000000 0.000000
1.000000 1.000000   1.000000 1.000000
1.000000 1.000000   1.000000 1.000000
1.000000 1.000000   1.000000 1.000000
0.000000 3.000000   1.000000 10.000000
0.000000 0.000000 0.000000   0.000000 0.000000 0.000000   0.000000 
0.000000 0.500000 
psys_front_water 13088 prtcl_splash_b  50 0.400000 2.000000 3.000000 10.000000 0.000000 
0.300000 1.000000   1.000000 0.300000
3.000000 1.000000   6.000000 0.500000
3.000000 1.000000   6.000000 1.500000
3.000000 1.000000   6.000000 1.000000
0.000000 2.500000   0.400000 1.200000
0.500000 0.500000 0.700000   1.000000 1.300000 5.100000   0.700000 
50.000000 0.500000 
psys_heck_water 8224 prtcl_splash_b  23 12.000000 2.000000 0.000000 10.000000 0.000000 
0.100000 0.600000   1.000000 0.100000
3.000000 1.000000   6.000000 0.500000
3.000000 1.000000   6.000000 1.500000
3.000000 1.000000   6.000000 1.000000
0.300000 1.000000   9.000000 0.100000
1.000000 0.700000 0.000000   0.000000 0.000000 0.000000   0.000000 
0.000000 0.500000 
psys_torch_fire 12818 prt_mesh_fire_1  50 0.350000 0.200000 0.030000 10.000000 0.000000 
0.500000 0.800000   1.000000 0.000000
0.500000 1.000000   1.000000 0.900000
0.500000 0.700000   1.000000 0.300000
0.500000 0.200000   1.000000 0.000000
0.000000 0.150000   0.400000 0.300000
0.040000 0.040000 0.010000   0.000000 0.000000 0.500000   0.000000 
200.000000 0.500000 
psys_fire_glow_1 530 prt_mesh_fire_2  2 0.550000 0.200000 0.000000 10.000000 0.000000 
0.500000 0.900000   1.000000 0.000000
0.000000 0.900000   1.000000 0.900000
0.000000 0.700000   1.000000 0.700000
0.000000 0.400000   1.000000 0.400000
0.000000 2.000000   1.000000 2.000000
0.000000 0.000000 0.000000   0.000000 0.000000 0.000000   0.000000 
0.000000 0.000000 
psys_fire_glow_fixed 528 prt_mesh_fire_2  4 100.000000 0.200000 0.000000 10.000000 0.000000 
-0.010000 1.000000   1.000000 1.000000
0.000000 0.900000   1.000000 0.900000
0.000000 0.700000   1.000000 0.700000
0.000000 0.400000   1.000000 0.400000
0.000000 2.000000   1.000000 2.000000
0.000000 0.000000 0.000000   0.000000 0.000000 0.000000   0.000000 
0.000000 0.000000 
psys_torch_smoke 530 prtcl_dust_a  15 0.500000 0.200000 -0.200000 10.000000 0.100000 
0.500000 0.250000   1.000000 0.000000
0.000000 0.200000   1.000000 0.100000
0.000000 0.200000   1.000000 0.090000
0.000000 0.200000   1.000000 0.080000
0.000000 0.500000   0.800000 2.500000
0.100000 0.100000 0.100000   0.000000 0.000000 1.500000   0.100000 
0.0 0.0 
psys_flue_smoke_short 12818 prtcl_dust_a  15 1.500000 0.100000 -0.000000 10.000000 12.000000 
0.000000 0.300000   1.000000 0.000000
0.000000 0.200000   1.000000 0.100000
0.000000 0.200000   1.000000 0.090000
0.000000 0.200000   1.000000 0.080000
0.000000 1.500000   1.000000 7.000000
0.000000 0.000000 0.000000   0.000000 0.000000 1.500000   0.100000 
150.000000 0.800000 
psys_flue_smoke_tall 12818 prtcl_dust_a  15 3.000000 0.500000 -0.000000 15.000000 12.000000 
0.000000 0.350000   1.000000 0.000000
0.000000 0.300000   1.000000 0.100000
0.000000 0.300000   1.000000 0.100000
0.000000 0.300000   1.000000 0.100000
0.000000 2.000000   1.000000 7.000000
0.000000 0.000000 0.000000   0.000000 0.000000 1.500000   0.100000 
150.000000 0.500000 
psys_war_smoke_tall 12818 prt_mesh_smoke_1  5 12.000000 0.000000 0.000000 7.000000 7.000000 
0.000000 0.250000   1.000000 0.000000
0.000000 1.000000   1.000000 0.800000
0.000000 1.000000   1.000000 0.800000
0.000000 1.000000   1.000000 0.800000
0.000000 2.200000   1.000000 15.000000
0.000000 0.000000 0.000000   0.000000 0.000000 2.200000   0.100000 
100.000000 0.200000 
psys_ladder_dust_6m 512 prt_mesh_smoke_1  700 0.900000 0.000000 0.000000 7.000000 7.000000 
0.000000 0.250000   1.000000 0.000000
0.000000 1.000000   1.000000 0.800000
0.000000 1.000000   1.000000 0.800000
0.000000 1.000000   1.000000 0.800000
0.000000 1.000000   1.000000 2.000000
0.750000 0.750000 3.500000   0.000000 0.000000 0.000000   0.100000 
100.000000 0.200000 
psys_ladder_dust_8m 512 prt_mesh_smoke_1  900 0.900000 0.000000 0.000000 7.000000 7.000000 
0.000000 0.250000   1.000000 0.000000
0.000000 1.000000   1.000000 0.800000
0.000000 1.000000   1.000000 0.800000
0.000000 1.000000   1.000000 0.800000
0.000000 1.000000   1.000000 2.000000
0.750000 0.750000 4.500000   0.000000 0.000000 0.000000   0.100000 
100.000000 0.200000 
psys_ladder_dust_10m 512 prt_mesh_smoke_1  1100 0.900000 0.000000 0.000000 7.000000 7.000000 
0.000000 0.250000   1.000000 0.000000
0.000000 1.000000   1.000000 0.800000
0.000000 1.000000   1.000000 0.800000
0.000000 1.000000   1.000000 0.800000
0.000000 1.000000   1.000000 2.000000
0.750000 0.750000 5.500000   0.000000 0.000000 0.000000   0.100000 
100.000000 0.200000 
psys_ladder_dust_12m 512 prt_mesh_smoke_1  1300 0.900000 0.000000 0.000000 7.000000 7.000000 
0.000000 0.250000   1.000000 0.000000
0.000000 1.000000   1.000000 0.800000
0.000000 1.000000   1.000000 0.800000
0.000000 1.000000   1.000000 0.800000
0.000000 1.000000   1.000000 2.000000
0.750000 0.750000 6.500000   0.000000 0.000000 0.000000   0.100000 
100.000000 0.200000 
psys_ladder_dust_14m 512 prt_mesh_smoke_1  1500 0.900000 0.000000 0.000000 7.000000 7.000000 
0.000000 0.250000   1.000000 0.000000
0.000000 1.000000   1.000000 0.800000
0.000000 1.000000   1.000000 0.800000
0.000000 1.000000   1.000000 0.800000
0.000000 1.000000   1.000000 2.000000
0.750000 0.750000 7.500000   0.000000 0.000000 0.000000   0.100000 
100.000000 0.200000 
psys_ladder_straw_6m 12288 prt_mesh_straw_1  700 1.000000 2.000000 0.900000 10.000000 2.000000 
0.100000 1.000000   1.000000 1.000000
0.100000 0.600000   1.000000 0.600000
0.100000 0.500000   1.000000 0.500000
0.100000 0.400000   1.000000 0.400000
0.000000 0.300000   1.000000 0.300000
0.750000 0.750000 3.500000   0.000000 0.000000 0.000000   2.300000 
200.000000 0.000000 
psys_ladder_straw_8m 12288 prt_mesh_straw_1  900 1.000000 2.000000 0.900000 10.000000 2.000000 
0.100000 1.000000   1.000000 1.000000
0.100000 0.600000   1.000000 0.600000
0.100000 0.500000   1.000000 0.500000
0.100000 0.400000   1.000000 0.400000
0.000000 0.300000   1.000000 0.300000
0.750000 0.750000 4.500000   0.000000 0.000000 0.000000   2.300000 
200.000000 0.000000 
psys_ladder_straw_10m 12288 prt_mesh_straw_1  1100 1.000000 2.000000 0.900000 10.000000 2.000000 
0.100000 1.000000   1.000000 1.000000
0.100000 0.600000   1.000000 0.600000
0.100000 0.500000   1.000000 0.500000
0.100000 0.400000   1.000000 0.400000
0.000000 0.300000   1.000000 0.300000
0.750000 0.750000 5.500000   0.000000 0.000000 0.000000   2.300000 
200.000000 0.000000 
psys_ladder_straw_12m 12288 prt_mesh_straw_1  1300 1.000000 2.000000 0.900000 10.000000 2.000000 
0.100000 1.000000   1.000000 1.000000
0.100000 0.600000   1.000000 0.600000
0.100000 0.500000   1.000000 0.500000
0.100000 0.400000   1.000000 0.400000
0.000000 0.300000   1.000000 0.300000
0.750000 0.750000 6.500000   0.000000 0.000000 0.000000   2.300000 
200.000000 0.000000 
psys_ladder_straw_14m 12288 prt_mesh_straw_1  1500 1.000000 2.000000 0.900000 10.000000 2.000000 
0.100000 1.000000   1.000000 1.000000
0.100000 0.600000   1.000000 0.600000
0.100000 0.500000   1.000000 0.500000
0.100000 0.400000   1.000000 0.400000
0.000000 0.300000   1.000000 0.300000
0.750000 0.750000 7.500000   0.000000 0.000000 0.000000   2.300000 
200.000000 0.000000 
psys_torch_fire_sparks 8722 prt_sparks_mesh_1  10 0.700000 0.200000 0.000000 10.000000 0.020000 
0.660000 1.000000   1.000000 0.000000
0.100000 0.700000   1.000000 0.700000
0.100000 0.500000   1.000000 0.500000
0.100000 0.100000   1.000000 0.100000
0.100000 0.050000   1.000000 0.050000
0.100000 0.100000 0.100000   0.000000 0.000000 0.900000   0.000000 
0.000000 0.000000 
psys_debuff_sparks 8704 prt_sparks_mesh_1  30 0.700000 0.200000 0.000000 10.000000 0.020000 
0.000000 0.980000   0.940000 0.000000
0.000000 0.000000   1.000000 0.000000
0.000000 0.000000   1.000000 0.000000
0.000000 0.000000   1.000000 0.000000
0.100000 0.050000   1.000000 0.050000
0.100000 0.100000 0.100000   0.000000 0.000000 0.900000   0.000000 
0.000000 0.000000 
psys_buff_sparks 8704 prt_sparks_mesh_1  50 0.900000 0.200000 0.000000 10.000000 0.020000 
0.000000 0.980000   0.940000 0.000000
1.000000 1.000000   1.000000 1.000000
1.000000 1.000000   1.000000 1.000000
1.000000 1.000000   1.000000 1.000000
0.100000 0.050000   1.000000 0.050000
0.100000 0.100000 0.100000   0.000000 0.000000 0.900000   0.000000 
0.000000 0.000000 
psys_buff_sparks_jade 8704 prt_sparks_mesh_1  50 0.900000 0.200000 0.000000 10.000000 0.020000 
0.000000 0.980000   0.940000 0.000000
0.000000 0.000000   1.000000 0.000000
0.000000 1.000000   1.000000 1.000000
0.000000 0.500000   1.000000 0.500000
0.100000 0.050000   1.000000 0.050000
0.100000 0.100000 0.100000   0.000000 0.000000 0.900000   0.000000 
0.000000 0.000000 
psys_game_hoof_dust_jade 78336 prt_mesh_dust_1  5 2.000000 10.000000 0.050000 10.000000 39.000000 
0.200000 0.500000   1.000000 0.000000
0.000000 0.000000   1.000000 0.000000
0.000000 1.000000   1.000000 1.000000
0.000000 0.500000   1.000000 0.500000
0.000000 2.000000   1.000000 3.500000
0.200000 0.300000 0.200000   0.000000 0.000000 3.900000   0.500000 
130.000000 0.500000 
psys_game_hoof_dust_poison 78336 prt_mesh_dust_1  5 2.000000 10.000000 0.050000 10.000000 39.000000 
0.200000 0.500000   1.000000 0.000000
0.000000 0.200000   1.000000 0.200000
0.000000 0.700000   1.000000 0.700000
0.000000 0.400000   1.000000 0.400000
0.000000 2.000000   1.000000 3.500000
0.200000 0.300000 0.200000   0.000000 0.000000 3.900000   0.500000 
130.000000 0.500000 
psys_game_hoof_dust_plague 78336 prt_mesh_dust_1  5 2.000000 10.000000 0.050000 10.000000 39.000000 
0.200000 0.500000   1.000000 0.000000
0.000000 0.000000   1.000000 0.000000
0.000000 0.200000   1.000000 0.200000
0.000000 0.000000   1.000000 0.000000
0.000000 2.000000   1.000000 3.500000
0.200000 0.300000 0.200000   0.000000 0.000000 3.900000   0.500000 
130.000000 0.500000 
psys_game_hoof_dust_grey 78336 prt_mesh_dust_1  5 2.000000 10.000000 0.050000 10.000000 39.000000 
0.200000 0.500000   1.000000 0.000000
0.000000 0.750000   1.000000 0.750000
0.000000 0.750000   1.000000 0.750000
0.000000 0.750000   1.000000 0.750000
0.000000 2.000000   1.000000 3.500000
0.200000 0.300000 0.200000   0.000000 0.000000 3.900000   0.500000 
130.000000 0.500000 
psys_fire_sparks_1 8722 prt_sparks_mesh_1  10 1.500000 0.200000 0.000000 3.000000 10.000000 
0.600000 1.000000   1.000000 1.000000
0.100000 0.700000   1.000000 0.700000
0.100000 0.500000   1.000000 0.500000
0.100000 0.100000   1.000000 0.100000
0.100000 0.070000   1.000000 0.030000
0.170000 0.170000 0.010000   0.000000 0.000000 1.000000   0.000000 
0.000000 0.000000 
psys_musket_smoke 12800 prtcl_dust_a  90 7.000000 1.800000 -0.002030 90.000000 2.250000 
0.000000 0.980000   0.940000 0.000000
0.000000 0.990000   1.000000 0.990000
0.000000 0.990000   1.000000 0.990000
0.000000 0.990000   1.000000 0.990000
-0.090000 3.200000   0.500000 11.000000
0.050000 0.050000 0.050000   0.000000 4.600000 0.000000   0.700000 
90.000000 0.400000 
psys_musket_warp_smoke 12800 prtcl_dust_a  60 7.000000 2.000000 -0.002030 90.000000 1.800000 
0.000000 0.980000   0.940000 0.000000
0.000000 0.200000   1.000000 0.200000
0.000000 0.700000   1.000000 0.700000
0.000000 0.400000   1.000000 0.400000
-0.090000 3.200000   0.500000 11.000000
0.040000 0.040000 0.040000   0.000000 4.000000 0.000000   0.700000 
70.000000 0.400000 
psys_pistol_flare 512 prt_mesh_fire_1  30 0.200000 0.200000 0.000000 10.000000 0.000000 
0.000000 1.000000   1.000000 0.000000
0.000000 1.000000   0.400000 0.700000
0.000000 0.500000   0.400000 0.100000
0.000000 0.300000   0.400000 0.200000
0.000000 0.400000   1.000000 1.000000
0.040000 0.040000 0.010000   0.000000 3.000000 0.000000   0.200000 
200.000000 0.200000 
psys_pistol_smoke 512 prt_mesh_dust_1  5 4.000000 0.600000 0.000000 80.000000 2.000000 
0.000000 0.300000   1.000000 0.000000
0.000000 0.620000   1.000000 0.300000
0.000000 0.630000   1.000000 0.310000
0.000000 0.630000   1.000000 0.400000
0.000000 2.500000   1.000000 20.000000
0.100000 0.100000 0.100000   0.000000 1.500000 0.000000   0.230000 
0.0 0.0 
psys_pistol_smoke_large 528 prt_mesh_dust_1  1 20.000000 0.000000 -0.010000 80.000000 1.000000 
0.000000 0.300000   1.000000 0.000000
0.000000 0.300000   1.000000 0.300000
0.000000 0.310000   1.000000 0.310000
0.000000 0.400000   1.000000 0.400000
0.000000 2.500000   0.300000 10.000000
1.000000 1.000000 1.000000   0.500000 1.500000 0.000000   0.100000 
0.0 0.0 
psys_firearm_flash 12818 prt_mesh_fire_1  100 0.200000 0.200000 0.030000 10.000000 0.000000 
0.500000 0.800000   1.000000 0.000000
0.500000 1.000000   1.000000 0.900000
0.500000 0.700000   1.000000 0.300000
0.500000 0.200000   1.000000 0.000000
0.000000 0.150000   0.400000 0.300000
0.040000 0.040000 0.010000   0.000000 0.500000 0.000000   0.000000 
200.000000 0.500000 
psys_pan_smoke 12800 prtcl_dust_a  60 5.000000 1.800000 -0.000300 90.000000 4.000000 
0.000000 0.830000   0.780000 0.000000
0.000000 0.990000   1.000000 0.990000
0.000000 0.990000   1.000000 0.990000
0.000000 0.990000   1.000000 0.990000
-0.070000 1.000000   0.500000 3.750000
0.020000 0.020000 0.020000   -1.200000 0.500000 0.000000   0.200000 
0.0 0.0 
psys_bullet_dust 512 prtcl_dust_a  1 1.000000 0.000000 -0.200000 60.000000 1.500000 
0.500000 1.000000   1.000000 0.000000
0.000000 0.400000   1.000000 0.200000
0.000000 0.400000   1.000000 0.200000
0.000000 0.400000   1.000000 0.200000
0.000000 10.000000   15.000000 20.000000
0.100000 0.100000 0.100000   0.000000 0.000000 0.000000   0.000000 
0.0 0.0 
psys_explosive_explosion_sparks_a 8704 prt_sparks_mesh_1  200 0.150000 0.400000 0.200000 3.000000 10.000000 
0.600000 1.000000   0.700000 0.000000
1.000000 1.000000   1.000000 0.000000
1.000000 0.700000   0.300000 0.000000
0.000000 0.000000   0.000000 0.000000
0.000000 40.000000   0.300000 0.300000
0.500000 0.500000 0.500000   0.500000 0.500000 0.500000   30.000000 
0.0 0.0 
psys_explosive_explosion_sparks_b 8704 prt_sparks_mesh_1  200 0.300000 0.400000 0.200000 3.000000 10.000000 
0.600000 1.000000   0.700000 0.000000
1.000000 1.000000   1.000000 0.000000
0.700000 0.500000   0.300000 0.000000
0.000000 0.000000   0.000000 0.000000
0.000000 40.000000   0.300000 0.300000
0.500000 0.500000 0.500000   0.500000 0.500000 0.500000   30.000000 
0.0 0.0 
psys_explosion_dirt 78080 prt_mesh_mud_1  400 3.000000 0.600000 3.000000 0.000000 0.000000 
1.000000 1.000000   1.000000 0.000000
0.000000 0.700000   1.000000 0.700000
0.000000 0.600000   1.000000 0.600000
0.000000 0.400000   1.000000 0.400000
0.500000 0.500000   0.500000 0.500000
0.150000 0.500000 0.100000   0.000000 0.000000 15.000000   60.000000 
200.000000 0.500000 
psys_explosive_explosion_smoke 8704 prtcl_dust_a  90 10.000000 0.600000 -0.200000 60.000000 1.500000 
0.000000 1.000000   0.700000 0.500000
0.000000 0.400000   0.300000 0.200000
0.000000 0.400000   0.300000 0.200000
0.000000 0.400000   0.300000 0.200000
0.000000 5.000000   25.000000 60.000000
0.100000 0.100000 0.100000   2.000000 2.000000 0.000000   0.100000 
0.0 0.0 
psys_brazier_fire_1 12818 prt_mesh_fire_1  25 0.500000 0.100000 0.000000 10.000000 0.000000 
0.500000 0.400000   1.000000 0.000000
0.500000 1.000000   1.000000 0.900000
0.500000 0.700000   1.000000 0.300000
0.500000 0.200000   1.000000 0.000000
0.100000 0.200000   1.000000 0.500000
0.100000 0.100000 0.010000   0.000000 0.000000 0.400000   0.000000 
100.000000 0.200000 
psys_cooking_fire_1 12818 prt_mesh_fire_1  25 0.350000 0.100000 0.030000 10.000000 0.000000 
0.500000 0.800000   1.000000 0.000000
0.500000 0.500000   1.000000 0.270000
0.500000 0.350000   1.000000 0.090000
0.500000 0.100000   1.000000 0.000000
0.100000 0.500000   1.000000 1.000000
0.050000 0.050000 0.010000   0.000000 0.000000 1.000000   0.000000 
200.000000 0.000000 
psys_cooking_smoke 12818 prt_mesh_smoke_1  4 4.000000 0.100000 0.000000 3.000000 5.000000 
0.200000 0.200000   1.000000 0.000000
0.000000 0.800000   1.000000 1.000000
0.000000 0.800000   1.000000 1.000000
0.000000 0.850000   1.000000 1.000000
0.000000 0.650000   1.000000 3.000000
0.000000 0.000000 0.000000   0.000000 0.000000 1.200000   0.000000 
0.000000 0.000000 
psys_food_steam 12818 prt_mesh_steam_1  3 1.000000 0.000000 0.000000 8.000000 1.000000 
0.500000 0.100000   1.000000 0.000000
0.000000 1.000000   1.000000 0.100000
0.000000 1.000000   1.000000 0.100000
0.000000 1.000000   1.000000 0.100000
0.000000 0.200000   0.900000 0.500000
0.050000 0.050000 0.000000   0.000000 0.000000 0.100000   0.000000 
100.000000 0.500000 
psys_candle_light 530 prt_mesh_candle_fire_1  7 1.100000 0.600000 -0.000000 10.000000 0.200000 
0.100000 0.500000   1.000000 0.000000
0.500000 1.000000   1.000000 0.900000
0.500000 0.600000   1.000000 0.100000
0.500000 0.200000   1.000000 0.000000
0.300000 0.200000   1.000000 0.000000
0.000000 0.000000 0.000000   0.000000 0.000000 0.090000   0.000000 
0.000000 0.000000 
psys_candle_light_small 530 prt_mesh_candle_fire_1  4 1.100000 0.600000 -0.000000 10.000000 0.200000 
0.100000 0.800000   1.000000 0.000000
0.500000 1.000000   1.000000 0.900000
0.500000 0.600000   1.000000 0.100000
0.500000 0.200000   1.000000 0.000000
0.300000 0.130000   1.000000 0.000000
0.000000 0.000000 0.000000   0.000000 0.000000 0.060000   0.000000 
0.000000 0.000000 
psys_lamp_fire 12818 prt_mesh_fire_1  10 0.800000 0.600000 -0.000000 10.000000 0.400000 
0.100000 0.500000   1.000000 0.000000
0.500000 1.000000   1.000000 0.900000
0.500000 0.800000   1.000000 0.100000
0.500000 0.400000   1.000000 0.000000
0.300000 0.350000   0.900000 0.500000
0.010000 0.010000 0.000000   0.000000 0.000000 0.350000   0.030000 
100.000000 0.500000 
psys_dummy_smoke 8704 prt_mesh_dust_1  500 3.000000 15.000000 -0.050000 10.000000 0.200000 
0.100000 0.500000   1.000000 0.000000
0.100000 0.800000   1.000000 0.800000
0.100000 0.700000   1.000000 0.700000
0.100000 0.600000   1.000000 0.700000
0.000000 0.700000   1.000000 2.200000
0.200000 0.200000 0.500000   0.000000 0.000000 0.050000   2.000000 
10.000000 0.100000 
psys_dummy_straw 12288 prt_mesh_straw_1  500 1.000000 2.000000 0.900000 10.000000 2.000000 
0.100000 1.000000   1.000000 1.000000
0.100000 0.600000   1.000000 0.600000
0.100000 0.500000   1.000000 0.500000
0.100000 0.400000   1.000000 0.400000
0.000000 0.300000   1.000000 0.300000
0.200000 0.200000 0.500000   0.000000 0.000000 0.000000   2.300000 
200.000000 0.000000 
psys_dummy_smoke_big 8704 prt_mesh_dust_1  500 9.000000 15.000000 -0.050000 10.000000 0.200000 
0.100000 0.900000   1.000000 0.000000
0.100000 0.800000   1.000000 0.800000
0.100000 0.700000   1.000000 0.700000
0.100000 0.600000   1.000000 0.700000
0.000000 5.000000   1.000000 15.000000
3.000000 3.000000 5.000000   0.000000 0.000000 0.050000   2.000000 
10.000000 0.100000 
psys_dummy_straw_big 12288 prt_mesh_straw_1  500 3.000000 2.000000 2.000000 10.000000 2.000000 
0.100000 1.000000   1.000000 1.000000
0.100000 0.600000   1.000000 0.600000
0.100000 0.500000   1.000000 0.500000
0.100000 0.400000   1.000000 0.400000
0.000000 0.800000   1.000000 0.800000
3.000000 3.000000 3.000000   0.000000 0.000000 0.000000   2.300000 
200.000000 0.000000 
psys_gourd_smoke 8704 prt_mesh_dust_1  500 3.000000 15.000000 -0.050000 10.000000 0.200000 
0.100000 0.500000   1.000000 0.000000
0.100000 0.800000   1.000000 0.800000
0.100000 0.700000   1.000000 0.700000
0.100000 0.600000   1.000000 0.700000
0.000000 0.500000   1.000000 1.000000
0.200000 0.200000 0.500000   0.000000 0.000000 0.050000   2.000000 
10.000000 0.100000 
psys_gourd_piece_1 4096 prt_gourd_piece_1  15 1.000000 2.000000 0.900000 10.000000 2.000000 
0.100000 1.000000   1.000000 1.000000
0.100000 0.600000   1.000000 0.600000
0.100000 0.500000   1.000000 0.500000
0.100000 0.400000   1.000000 0.400000
0.000000 1.000000   1.000000 1.000000
0.200000 0.200000 0.500000   0.000000 0.000000 0.000000   2.300000 
200.000000 0.000000 
psys_gourd_piece_2 12288 prt_gourd_piece_2  50 1.000000 2.000000 0.900000 10.000000 2.000000 
0.100000 1.000000   1.000000 1.000000
0.100000 0.600000   1.000000 0.600000
0.100000 0.500000   1.000000 0.500000
0.100000 0.400000   1.000000 0.400000
0.000000 1.000000   1.000000 1.000000
0.200000 0.200000 0.500000   0.000000 0.000000 0.000000   2.300000 
200.000000 0.000000 
psys_fire_fly_1 530 prt_sparks_mesh_1  2 5.000000 1.200000 0.000000 50.000000 7.000000 
0.100000 0.800000   1.000000 0.200000
0.500000 0.700000   1.000000 0.700000
0.500000 0.800000   1.000000 0.800000
0.500000 1.000000   1.000000 1.000000
0.000000 0.100000   1.000000 0.100000
20.000000 20.000000 0.500000   0.000000 0.000000 0.000000   5.000000 
0.000000 0.000000 
psys_bug_fly_1 258 prt_mesh_rose_a  20 8.000000 0.020000 0.025000 1.000000 5.000000 
0.000000 1.000000   1.000000 1.000000
0.000000 0.500000   1.000000 0.500000
0.000000 0.500000   1.000000 0.500000
0.000000 0.500000   1.000000 0.500000
0.000000 0.250000   1.000000 0.250000
10.000000 5.000000 0.100000   0.000000 0.000000 -0.900000   0.010000 
10.000000 0.000000 
psys_moon_beam_1 8466 prt_mesh_moon_beam  2 4.000000 1.200000 0.000000 0.000000 0.000000 
0.500000 1.000000   1.000000 0.000000
0.000000 0.400000   1.000000 0.400000
0.000000 0.500000   1.000000 0.500000
0.000000 0.600000   1.000000 0.600000
0.000000 2.000000   1.000000 2.200000
1.000000 1.000000 0.200000   0.000000 0.000000 -2.000000   0.000000 
100.000000 0.500000 
psys_moon_beam_paricle_1 8722 prt_sparks_mesh_1  10 1.500000 1.500000 0.000000 10.000000 10.000000 
0.500000 1.000000   1.000000 0.000000
0.500000 0.500000   1.000000 0.500000
0.500000 0.700000   1.000000 0.700000
0.500000 1.000000   1.000000 1.000000
0.000000 0.100000   1.000000 0.100000
1.000000 1.000000 4.000000   0.000000 0.000000 0.000000   0.500000 
0.000000 0.000000 
psys_night_smoke_1 530 prt_mesh_dust_1  5 10.000000 1.500000 0.000000 50.000000 2.000000 
0.300000 0.100000   1.000000 0.000000
0.500000 0.500000   1.000000 0.500000
0.500000 0.500000   1.000000 0.500000
0.500000 0.500000   1.000000 0.600000
0.000000 10.000000   1.000000 10.000000
25.000000 25.000000 0.500000   0.000000 1.000000 0.000000   2.000000 
20.000000 1.000000 
psys_fireplace_fire_small 12818 prt_mesh_fire_1  25 0.800000 0.200000 -0.100000 10.000000 0.000000 
0.500000 0.500000   1.000000 0.000000
0.500000 1.000000   1.000000 0.900000
0.500000 0.700000   1.000000 0.300000
0.500000 0.200000   1.000000 0.000000
0.000000 0.200000   1.000000 0.700000
0.200000 0.100000 0.010000   0.000000 0.000000 0.200000   0.100000 
100.000000 0.500000 
psys_fireplace_fire_big 12818 prt_mesh_fire_1  35 0.600000 0.200000 -0.200000 10.000000 0.000000 
0.500000 0.500000   1.000000 0.000000
0.500000 1.000000   1.000000 0.900000
0.500000 0.700000   1.000000 0.300000
0.500000 0.200000   1.000000 0.000000
0.000000 0.400000   1.000000 1.000000
0.400000 0.200000 0.010000   0.000000 0.000000 0.400000   0.100000 
100.000000 0.500000 
psys_village_fire_big 12818 prt_mesh_fire_1  50 1.000000 0.000000 -1.200000 25.000000 10.000000 
0.200000 0.700000   1.000000 0.000000
0.200000 1.000000   1.000000 0.900000
0.200000 0.700000   1.000000 0.300000
0.200000 0.200000   1.000000 0.000000
0.000000 2.000000   1.000000 6.000000
2.200000 2.200000 0.200000   0.000000 0.000000 0.000000   0.000000 
250.000000 0.300000 
psys_village_fire_smoke_big 12818 prt_mesh_smoke_1  30 2.000000 0.300000 -1.000000 50.000000 10.000000 
0.500000 0.150000   1.000000 0.000000
0.200000 0.400000   1.000000 0.200000
0.200000 0.400000   1.000000 0.200000
0.200000 0.400000   1.000000 0.200000
0.000000 6.000000   1.000000 8.000000
2.000000 2.000000 1.000000   0.000000 0.000000 5.000000   0.000000 
0.000000 0.100000 
psys_map_village_fire 12818 prt_mesh_fire_1  20 1.000000 0.000000 -0.200000 3.000000 3.000000 
0.200000 0.700000   1.000000 0.000000
0.200000 1.000000   1.000000 0.900000
0.200000 0.700000   1.000000 0.300000
0.200000 0.200000   1.000000 0.000000
0.000000 0.150000   1.000000 0.450000
0.200000 0.200000 0.020000   0.000000 0.000000 0.000000   0.000000 
250.000000 0.300000 
psys_map_village_fire_smoke 12818 prt_mesh_smoke_1  25 2.500000 0.300000 -0.150000 3.000000 3.000000 
0.500000 0.150000   1.000000 0.000000
0.200000 0.400000   1.000000 0.300000
0.200000 0.400000   1.000000 0.300000
0.200000 0.400000   1.000000 0.300000
0.000000 0.600000   1.000000 0.900000
0.200000 0.200000 0.100000   0.000000 0.000000 0.030000   0.000000 
0.000000 0.100000 
psys_map_village_looted_smoke 12818 prt_mesh_smoke_1  20 3.000000 0.300000 -0.110000 3.000000 2.000000 
0.500000 0.150000   1.000000 0.000000
0.200000 0.500000   1.000000 0.500000
0.200000 0.500000   1.000000 0.500000
0.200000 0.500000   1.000000 0.500000
0.000000 0.700000   1.000000 1.300000
0.200000 0.200000 0.100000   0.000000 0.000000 0.015000   0.000000 
0.000000 0.100000 
psys_dungeon_water_drops 274 prtcl_rain  1 1.000000 0.330000 0.800000 0.000000 0.000000 
1.000000 0.200000   1.000000 0.200000
1.000000 1.000000   1.000000 1.000000
1.000000 1.000000   1.000000 1.000000
1.000000 1.000000   1.000000 1.000000
1.000000 0.800000   1.000000 0.800000
0.050000 0.050000 0.500000   0.000000 0.000000 -5.000000   0.000000 
0.000000 0.000000 
psys_wedding_rose 258 prt_mesh_rose_a  50 8.000000 0.020000 0.025000 1.000000 5.000000 
0.000000 1.000000   1.000000 1.000000
0.000000 0.500000   1.000000 0.500000
0.000000 0.500000   1.000000 0.500000
0.000000 0.500000   1.000000 0.500000
0.000000 0.250000   1.000000 0.250000
4.000000 4.000000 0.100000   0.000000 0.000000 -0.900000   0.010000 
10.000000 0.000000 
psys_sea_foam_a 9218 prt_foam_a  1 3.000000 1.000000 0.000000 0.000000 0.000000 
0.700000 0.100000   1.000000 0.000000
1.000000 1.000000   1.000000 1.000000
1.000000 1.000000   1.000000 1.000000
1.000000 1.000000   1.000000 1.000000
0.000000 4.000000   1.000000 4.500000
10.000000 1.000000 0.000000   0.000000 1.000000 0.000000   0.000000 
0.000000 0.500000 
psys_fall_leafs_a 258 prt_mesh_yrellow_leaf_a  1 9.000000 0.000000 0.025000 4.000000 4.000000 
0.000000 1.000000   1.000000 1.000000
0.000000 0.500000   1.000000 0.500000
0.000000 0.500000   1.000000 0.500000
0.000000 0.500000   1.000000 0.500000
0.000000 0.250000   1.000000 0.250000
4.000000 4.000000 4.000000   0.000000 0.010000 -0.900000   0.020000 
15.000000 0.000000 
psys_musket_hit 12816 prtcl_dust_a  500 3.000000 8.000000 0.200000 2.000000 20.000000 
0.000000 1.000000   1.000000 0.000000
0.000000 0.950000   1.000000 0.950000
0.000000 0.900000   1.000000 0.900000
0.000000 0.700000   1.000000 0.700000
0.000000 3.000000   0.800000 5.000000
0.000000 0.000000 0.000000   0.000000 0.000000 10.000000   3.000000 
100.000000 0.200000 
psys_musket_hit_particle 12816 prt_mesh_mud_1  2000 2.000000 0.200000 2.000000 0.000000 0.000000 
0.000000 1.000000   1.000000 1.000000
0.000000 0.100000   1.000000 0.100000
0.000000 0.100000   1.000000 0.100000
0.000000 0.100000   1.000000 0.100000
0.000000 0.125000   0.800000 0.125000
0.000000 0.000000 0.000000   0.000000 0.000000 8.000000   3.000000 
100.000000 0.100000 
psys_musket_hit_objects 12800 prtcl_dust_a  500 3.500000 6.000000 0.000000 2.000000 40.000000 
0.000000 1.000000   1.000000 0.000000
0.000000 0.950000   1.000000 0.950000
0.000000 0.900000   1.000000 0.900000
0.000000 0.800000   1.000000 0.800000
0.000000 1.000000   0.750000 10.000000
0.000000 0.000000 0.000000   0.000000 -15.000000 0.000000   1.000000 
100.000000 0.200000 
psys_water_hit_a 12816 prtcl_splash_b  80 1.500000 4.000000 0.800000 0.000000 0.000000 
0.000000 1.000000   1.000000 0.000000
0.000000 0.950000   1.000000 0.950000
0.000000 0.900000   1.000000 0.900000
0.000000 0.700000   1.000000 0.700000
0.000000 0.300000   1.000000 2.000000
0.000000 0.000000 0.000000   0.000000 0.000000 6.000000   0.000000 
100.000000 0.200000 
psys_water_hit_b 13328 prtcl_splash_b  4 3.000000 0.000000 0.000000 0.000000 0.000000 
0.000000 1.000000   1.000000 0.000000
0.000000 0.950000   1.000000 0.950000
0.000000 0.900000   1.000000 0.900000
0.000000 0.700000   1.000000 0.700000
0.000000 1.000000   1.000000 5.000000
0.100000 0.100000 0.000000   0.000000 0.000000 -0.010000   0.000000 
25.000000 0.150000 
psys_warpstone_smoke 12800 prtcl_dust_a  60 18.000000 2.000000 -0.002030 90.000000 1.800000 
0.000000 0.980000   0.940000 0.000000
0.000000 0.200000   1.000000 0.200000
0.000000 0.700000   1.000000 0.700000
0.000000 0.400000   1.000000 0.400000
-0.090000 3.200000   0.500000 11.000000
0.040000 0.040000 0.040000   0.000000 4.000000 0.000000   0.700000 
70.000000 0.400000 
psys_warpstone_smoke_big 12818 prt_mesh_smoke_1  30 2.000000 0.300000 -1.000000 50.000000 10.000000 
0.000000 0.980000   0.940000 0.000000
0.000000 0.200000   1.000000 0.200000
0.000000 0.700000   1.000000 0.700000
0.000000 0.400000   1.000000 0.400000
0.000000 6.000000   1.000000 8.000000
2.000000 2.000000 1.000000   0.000000 0.000000 5.000000   0.000000 
0.000000 0.100000 
psys_tomb_smoke_big 12818 prt_mesh_smoke_1  30 2.000000 0.300000 -1.000000 50.000000 10.000000 
0.000000 0.980000   0.940000 0.000000
0.000000 0.000000   1.000000 0.000000
0.000000 0.000000   1.000000 0.000000
0.000000 0.000000   1.000000 0.000000
0.000000 6.000000   1.000000 8.000000
2.000000 2.000000 1.000000   0.000000 0.000000 5.000000   0.000000 
0.000000 0.100000 
psys_white_smoke_big 12818 prt_mesh_smoke_1  70 2.000000 0.300000 -1.000000 50.000000 10.000000 
0.500000 0.800000   0.500000 0.000000
1.000000 1.000000   1.000000 1.000000
1.000000 1.000000   1.000000 1.000000
1.000000 1.000000   1.000000 1.000000
0.000000 6.000000   1.000000 8.000000
2.000000 2.000000 1.000000   0.000000 0.000000 5.000000   0.000000 
0.000000 0.100000 
psys_white_fire 12818 prt_mesh_fire_1  50 2.000000 0.200000 0.030000 10.000000 0.000000 
0.500000 0.800000   0.500000 0.000000
1.000000 1.000000   1.000000 1.000000
1.000000 1.000000   1.000000 1.000000
1.000000 1.000000   1.000000 1.000000
0.000000 0.150000   0.400000 0.300000
0.040000 0.040000 0.010000   0.000000 0.000000 0.500000   3.000000 
250.000000 0.500000 
psys_white_torch_fire 12818 prt_mesh_fire_1  50 0.350000 0.200000 0.030000 10.000000 0.000000 
0.500000 0.800000   0.500000 0.000000
1.000000 1.000000   1.000000 1.100000
1.000000 1.000000   1.000000 1.000000
1.000000 1.000000   1.000000 1.000000
0.000000 0.150000   0.400000 0.300000
0.040000 0.040000 0.010000   0.000000 0.000000 0.500000   0.000000 
200.000000 0.500000 
psys_gold_beam_medium 530 prt_spellsphere  1 1.000000 0.000000 0.000000 0.000000 0.000000 
0.500000 0.100000   1.000000 0.000000
0.000000 1.000000   1.000000 1.000000
0.000000 0.730000   1.000000 0.658000
0.000000 0.000000   1.000000 0.000000
0.000000 6.000000   1.000000 8.000000
0.000000 0.000000 0.000000   0.000000 0.000000 0.000000   0.000000 
100.000000 0.500000 
psys_golden_sparkles 4626 prt_sparkle  10 3.000000 0.000000 -0.070000 0.000000 0.000000 
0.500000 0.900000   1.000000 0.000000
0.000000 0.976000   1.000000 1.000000
0.000000 0.749000   1.000000 0.713000
0.000000 0.203000   1.000000 0.019000
0.100000 0.300000   1.000000 0.300000
0.500000 0.000000 0.000000   0.100000 0.100000 0.100000   0.100000 
0.000000 0.000000 
psys_golden_rays 274 prt_ray_particle4  1 2.000000 0.000000 0.000000 0.000000 0.000000 
0.500000 1.000000   1.000000 0.000000
0.000000 0.976000   1.000000 1.000000
0.000000 0.749000   1.000000 0.713000
0.000000 0.203000   1.000000 0.019000
0.100000 0.500000   1.000000 0.500000
0.600000 0.600000 0.000000   0.000000 0.000000 1.400000   0.000000 
0.000000 0.000000 
psys_jade_beam_medium 274 prt_ray_particle2  10 2.000000 1.200000 -0.500000 0.000000 0.000000 
0.500000 0.700000   1.000000 0.000000
0.000000 0.098000   1.000000 0.027000
0.000000 0.501000   1.000000 0.690000
0.000000 0.239000   1.000000 0.258000
0.100000 1.000000   1.000000 1.000000
1.000000 1.000000 -1.000000   0.000000 0.000000 0.000000   0.000000 
0.000000 0.000000 
psys_plague_beam_medium 12802 prt_burspa_moon_beam  10 0.300000 0.100000 0.000000 0.000000 0.000000 
0.500000 1.000000   1.000000 0.000000
0.000000 0.000000   1.000000 0.000000
0.000000 0.200000   1.000000 0.200000
0.000000 0.000000   1.000000 0.000000
0.000000 1.500000   1.000000 1.800000
0.300000 0.300000 0.200000   0.000000 0.000000 -2.000000   0.000000 
100.000000 0.500000 
psys_slaanesh_beam_medium 274 prt_standardbuff1  2 1.000000 0.000000 0.000000 0.000000 0.000000 
0.500000 0.200000   1.000000 0.000000
0.000000 1.000000   1.000000 1.000000
0.000000 0.000000   1.000000 0.000000
0.000000 0.500000   1.000000 0.500000
0.100000 3.000000   1.000000 7.000000
0.200000 0.200000 0.200000   0.000000 0.000000 0.000000   0.000000 
0.000000 0.000000 
psys_nurgle_beam_medium 12802 prt_burspa_moon_beam  10 0.300000 0.100000 0.000000 0.000000 0.000000 
0.500000 1.000000   1.000000 0.000000
0.000000 0.300000   1.000000 0.300000
0.000000 0.600000   1.000000 0.600000
0.000000 0.000000   1.000000 0.000000
0.000000 1.500000   1.000000 1.800000
0.300000 0.300000 0.200000   0.000000 0.000000 -2.000000   0.000000 
100.000000 0.500000 
psys_nurgle_magic_smoke 514 prtcl_dust_a  100 3.500000 0.600000 -0.300000 60.000000 1.500000 
0.000000 0.750000   1.000000 0.000000
0.000000 0.300000   1.000000 0.300000
0.000000 0.600000   1.000000 0.600000
0.000000 0.000000   1.000000 0.000000
0.000000 6.000000   1.000000 44.000000
2.000000 2.000000 0.300000   3.000000 3.000000 0.000000   0.100000 
0.0 0.0 
psys_light_beam_medium 512 prt_spellsphere  5 1.000000 0.000000 0.000000 0.000000 0.000000 
0.500000 0.200000   1.000000 0.000000
0.000000 0.992000   1.000000 0.992000
0.000000 0.870000   1.000000 0.730000
0.000000 0.407000   1.000000 0.407000
0.000000 2.000000   1.000000 8.000000
0.000000 0.000000 0.000000   0.000000 0.000000 0.000000   0.000000 
100.000000 0.500000 
psys_tzeentch_beam_medium 12802 prt_burspa_moon_beam  10 0.300000 0.100000 0.000000 0.000000 0.000000 
0.500000 1.000000   1.000000 0.000000
0.000000 0.020000   1.000000 0.020000
0.000000 0.870000   1.000000 0.870000
0.000000 0.930000   1.000000 0.930000
0.000000 1.500000   1.000000 1.800000
0.300000 0.300000 0.200000   0.000000 0.000000 -2.000000   0.000000 
100.000000 0.500000 
psys_black_magic_smoke 514 prtcl_dust_a  100 3.500000 0.600000 -0.300000 60.000000 1.500000 
0.000000 0.750000   1.000000 0.000000
0.000000 0.000000   1.000000 0.000000
0.000000 0.000000   1.000000 0.000000
0.000000 0.000000   1.000000 0.000000
0.000000 6.000000   1.000000 44.000000
2.000000 2.000000 0.300000   3.000000 3.000000 0.000000   0.100000 
0.0 0.0 
psys_black_cloud 514 prtcl_dust_a  5000 1.000000 0.600000 -0.100000 30.000000 1.500000 
0.000000 0.900000   1.000000 0.950000
0.000000 0.000000   1.000000 0.000000
0.000000 0.000000   1.000000 0.000000
0.000000 0.000000   1.000000 0.000000
0.000000 6.000000   1.000000 50.000000
1.000000 7.000000 7.000000   0.000000 0.000000 0.000000   0.100000 
50.000000 0.100000 
psys_qhaysh_beam_medium 12802 prt_burspa_moon_beam  10 0.300000 0.100000 0.000000 0.000000 0.000000 
0.500000 1.000000   1.000000 0.000000
0.000000 0.040000   1.000000 0.040000
0.000000 0.730000   1.000000 0.730000
0.000000 0.990000   1.000000 0.990000
0.000000 1.500000   1.000000 1.800000
0.300000 0.300000 0.200000   0.000000 0.000000 -2.000000   0.000000 
100.000000 0.500000 
psys_amber_beam_medium 12802 prt_burspa_moon_beam  10 0.300000 0.100000 0.000000 0.000000 0.000000 
0.500000 1.000000   1.000000 0.000000
0.000000 0.100000   1.000000 1.000000
0.000000 0.890000   1.000000 0.890000
0.000000 0.800000   1.000000 0.800000
0.000000 1.500000   1.000000 1.800000
0.300000 0.300000 0.200000   0.000000 0.000000 -2.000000   0.000000 
100.000000 0.500000 
psys_wild_beam_medium 12802 prt_burspa_moon_beam  10 0.300000 0.100000 0.000000 0.000000 0.000000 
0.500000 1.000000   1.000000 0.000000
0.000000 0.600000   1.000000 0.600000
0.000000 0.320000   1.000000 0.320000
0.000000 0.040000   1.000000 0.040000
0.000000 1.500000   1.000000 1.800000
0.300000 0.300000 0.200000   0.000000 0.000000 -2.000000   0.000000 
100.000000 0.500000 
psys_bright_beam_medium 12802 prt_flamesheet  20 0.500000 0.100000 0.000000 0.000000 0.000000 
0.500000 0.500000   1.000000 0.000000
0.000000 0.858000   1.000000 0.858000
0.000000 0.411000   1.000000 0.411000
0.000000 0.000000   1.000000 0.000000
0.000000 2.000000   1.000000 2.500000
0.300000 0.300000 0.200000   0.000000 0.000000 2.000000   0.000000 
100.000000 0.500000 
psys_amethyst_beam_medium 12802 prt_burspa_moon_beam  10 0.300000 0.100000 0.000000 0.000000 0.000000 
0.500000 1.000000   1.000000 0.000000
0.000000 0.400000   1.000000 0.400000
0.000000 0.000000   1.000000 0.000000
0.000000 0.800000   1.000000 0.800000
0.000000 1.500000   1.000000 1.800000
0.300000 0.300000 0.200000   0.000000 0.000000 -2.000000   0.000000 
100.000000 0.500000 
psys_celestial_beam_medium 274 prt_standardbuff1  2 1.000000 0.000000 0.000000 0.000000 0.000000 
0.500000 0.200000   1.000000 0.000000
0.000000 0.000000   1.000000 0.000000
0.000000 0.000000   1.000000 0.000000
0.000000 1.000000   1.000000 1.000000
0.100000 3.000000   1.000000 7.000000
0.200000 0.200000 0.200000   0.000000 0.000000 0.000000   0.000000 
0.000000 0.000000 
psys_orc_beam_medium 12802 prt_burspa_moon_beam  10 0.300000 0.100000 0.000000 0.000000 0.000000 
0.500000 1.000000   1.000000 0.000000
0.000000 0.000000   1.000000 0.000000
0.000000 0.600000   1.000000 0.600000
0.000000 0.000000   1.000000 0.000000
0.000000 1.500000   1.000000 1.800000
0.300000 0.300000 0.200000   0.000000 0.000000 -2.000000   0.000000 
100.000000 0.500000 
psys_wisp 12818 prt_wisp  20 2.000000 0.000000 0.000000 0.000000 0.000000 
0.500000 1.000000   1.000000 0.000000
0.000000 0.180000   1.000000 0.180000
0.000000 0.050000   1.000000 0.050000
0.000000 0.250000   1.000000 0.250000
0.100000 2.000000   1.000000 2.000000
0.400000 0.400000 0.400000   0.000000 0.000000 0.000000   0.000000 
0.000000 0.000000 
psys_wisp2 12818 prt_wisp  20 2.000000 0.000000 0.000000 0.000000 0.000000 
0.500000 1.000000   1.000000 0.000000
0.000000 0.000000   1.000000 0.000000
0.000000 0.000000   1.000000 0.000000
0.000000 0.000000   1.000000 0.000000
0.100000 2.000000   1.000000 2.000000
0.400000 0.400000 0.400000   0.000000 0.000000 0.000000   0.000000 
0.000000 0.000000 
psys_wisp3 12818 prt_fogmagic  20 2.000000 0.000000 0.000000 0.000000 0.000000 
0.500000 0.600000   1.000000 0.000000
0.000000 0.000000   1.000000 0.000000
0.000000 0.000000   1.000000 0.000000
0.000000 0.000000   1.000000 0.000000
0.100000 2.000000   1.000000 2.000000
0.400000 0.400000 0.400000   0.000000 0.000000 0.000000   0.000000 
0.000000 0.000000 
psys_bear_icon 530 prt_bear  1 6.000000 0.000000 0.000000 0.000000 0.000000 
0.100000 1.000000   1.000000 0.000000
0.000000 1.000000   1.000000 1.000000
0.000000 1.000000   1.000000 1.000000
0.000000 1.000000   1.000000 1.000000
0.100000 3.000000   1.000000 3.000000
1.000000 1.000000 1.000000   0.000000 0.000000 0.000000   0.000000 
0.000000 0.000000 
psys_death_icon 530 prt_death  1 6.000000 0.000000 0.000000 0.000000 0.000000 
0.100000 1.000000   1.000000 0.000000
0.000000 0.000000   1.000000 0.000000
0.000000 0.000000   1.000000 0.000000
0.000000 0.000000   1.000000 0.000000
0.100000 3.000000   1.000000 3.000000
1.000000 1.000000 1.000000   0.000000 0.000000 0.000000   0.000000 
0.000000 0.000000 
psys_nehekhara_beam_medium 12802 prt_burspa_moon_beam  10 0.300000 0.100000 0.000000 0.000000 0.000000 
0.500000 1.000000   1.000000 0.000000
0.000000 0.980000   1.000000 0.980000
0.000000 0.710000   1.000000 0.710000
0.000000 0.060000   1.000000 0.060000
0.000000 1.500000   1.000000 1.800000
0.300000 0.300000 0.200000   0.000000 0.000000 -2.000000   0.000000 
100.000000 0.500000 
psys_goblin_beam_medium 274 prt_standardbuff1  2 1.000000 0.000000 0.000000 0.000000 0.000000 
0.500000 0.200000   1.000000 0.000000
0.000000 0.680000   1.000000 0.680000
0.000000 0.980000   1.000000 0.980000
0.000000 1.000000   1.000000 1.000000
0.100000 3.000000   1.000000 7.000000
0.200000 0.200000 0.200000   0.000000 0.000000 0.000000   0.000000 
0.000000 0.000000 
psys_desert_beam_medium 12802 prt_burspa_moon_beam  10 0.300000 0.100000 0.000000 0.000000 0.000000 
0.500000 1.000000   1.000000 0.000000
0.000000 0.940000   1.000000 0.940000
0.000000 0.960000   1.000000 0.960000
0.000000 0.030000   1.000000 0.030000
0.000000 1.500000   1.000000 1.800000
0.300000 0.300000 0.200000   0.000000 0.000000 -2.000000   0.000000 
100.000000 0.500000 
psys_ruin_beam_medium 274 prt_standardbuff1  2 1.000000 0.000000 0.000000 0.000000 0.000000 
0.500000 0.200000   1.000000 0.000000
0.000000 0.320000   1.000000 0.320000
0.000000 0.020000   1.000000 0.020000
0.000000 0.020000   1.000000 0.020000
0.100000 3.000000   1.000000 7.000000
0.200000 0.200000 0.200000   0.000000 0.000000 0.000000   0.000000 
0.000000 0.000000 
psys_ice_beam_medium 12802 prt_burspa_moon_beam  10 0.300000 0.100000 0.000000 0.000000 0.000000 
0.500000 1.000000   1.000000 0.000000
0.000000 0.320000   1.000000 0.320000
0.000000 0.020000   1.000000 0.020000
0.000000 0.020000   1.000000 0.020000
0.000000 1.500000   1.000000 1.800000
0.300000 0.300000 0.200000   0.000000 0.000000 -2.000000   0.000000 
100.000000 0.500000 
psys_grey_beam_medium 12802 prt_burspa_moon_beam  10 0.300000 0.100000 0.000000 0.000000 0.000000 
0.500000 1.000000   1.000000 0.000000
0.000000 0.250000   1.000000 0.250000
0.000000 0.250000   1.000000 0.250000
0.000000 0.250000   1.000000 0.250000
0.000000 1.500000   1.000000 1.800000
0.300000 0.300000 0.200000   0.000000 0.000000 -2.000000   0.000000 
100.000000 0.500000 
psys_grey_strike 12290 prt_mesh_fire_1  10 0.750000 -10.000000 0.030000 10.000000 0.000000 
0.500000 0.800000   1.000000 0.000000
0.000000 0.250000   1.000000 0.250000
0.000000 0.250000   1.000000 0.250000
0.000000 0.250000   1.000000 0.250000
0.000000 0.150000   0.400000 2.300000
0.000000 0.000000 0.000000   0.000000 1.000000 0.000000   0.000000 
200.000000 0.500000 
psys_freeze 12818 prt_mesh_fire_1  35 0.600000 0.200000 -0.200000 10.000000 0.000000 
0.500000 0.500000   1.000000 0.000000
0.100000 0.000000   0.100000 0.000000
0.500000 0.700000   1.000000 0.300000
0.500000 0.200000   1.000000 0.000000
0.000000 0.400000   1.000000 1.000000
0.400000 0.200000 0.010000   0.000000 0.000000 0.400000   0.100000 
100.000000 0.500000 
psys_burning 12818 prt_mesh_fire_1  50 0.350000 0.200000 0.030000 10.000000 0.000000 
0.500000 0.500000   1.000000 0.000000
0.500000 1.000000   1.000000 0.900000
0.500000 0.700000   1.000000 0.300000
0.500000 0.200000   1.000000 0.000000
0.000000 0.800000   1.000000 1.500000
0.040000 0.040000 0.010000   0.000000 0.000000 0.500000   0.000000 
200.000000 0.500000 
psys_massive_fire_large 12818 prt_mesh_fire_1  50 2.000000 0.000000 -1.300000 10.000000 0.000000 
0.500000 0.500000   1.000000 0.000000
0.500000 1.000000   1.000000 0.900000
0.500000 0.700000   1.000000 0.300000
0.500000 0.200000   1.000000 0.000000
0.000000 6.000000   1.000000 15.000000
3.000000 3.000000 0.200000   0.000000 0.000000 0.400000   0.100000 
250.000000 0.500000 
psys_massive_fire_pink 12818 prt_mesh_fire_1  50 2.000000 0.000000 -1.300000 10.000000 0.000000 
0.500000 0.500000   1.000000 0.000000
0.000000 1.000000   1.000000 1.000000
0.000000 0.200000   1.000000 0.200000
0.000000 0.600000   1.000000 0.600000
0.000000 6.000000   1.000000 15.000000
3.000000 3.000000 0.200000   0.000000 0.000000 0.400000   0.100000 
250.000000 0.500000 
psys_massive_fire_xereus 12818 prt_mesh_fire_1  50 2.000000 0.000000 -1.300000 10.000000 0.000000 
0.500000 0.500000   1.000000 0.000000
0.000000 0.400000   1.000000 0.400000
0.000000 0.000000   1.000000 0.000000
0.000000 0.800000   1.000000 0.800000
0.000000 6.000000   1.000000 15.000000
3.000000 3.000000 0.200000   0.000000 0.000000 0.400000   0.100000 
250.000000 0.500000 
psys_massive_fire_badmoon 12818 prt_mesh_fire_1  50 2.000000 0.000000 -1.300000 10.000000 0.000000 
0.500000 0.500000   1.000000 0.000000
0.000000 1.000000   1.000000 1.000000
0.000000 1.000000   1.000000 1.000000
0.000000 0.000000   1.000000 0.000000
0.000000 6.000000   1.000000 15.000000
3.000000 3.000000 0.200000   0.000000 0.000000 0.400000   0.100000 
250.000000 0.500000 
psys_massive_fire_infernal 12818 prt_mesh_fire_1  50 2.000000 0.000000 -1.300000 10.000000 0.000000 
0.500000 0.500000   1.000000 0.000000
0.000000 0.020000   1.000000 0.020000
0.000000 0.870000   1.000000 0.870000
0.000000 0.930000   1.000000 0.930000
0.000000 6.000000   1.000000 15.000000
3.000000 3.000000 0.200000   0.000000 0.000000 0.400000   0.100000 
250.000000 0.500000 
psys_massive_fire_horror 12818 prt_mesh_fire_1  50 2.000000 0.000000 -1.300000 10.000000 0.000000 
0.500000 0.500000   1.000000 0.000000
0.000000 0.000000   1.000000 0.000000
0.000000 0.000000   1.000000 0.000000
0.000000 0.000000   1.000000 0.000000
0.000000 6.000000   1.000000 15.000000
3.000000 3.000000 0.200000   0.000000 0.000000 0.400000   0.100000 
250.000000 0.500000 
psys_weapon_fire 12818 prt_mesh_fire_1  10 0.150000 0.200000 0.030000 10.000000 0.000000 
0.500000 0.800000   0.500000 0.000000
0.500000 1.000000   1.000000 0.900000
0.500000 0.700000   1.000000 0.300000
0.500000 0.200000   1.000000 0.000000
0.000000 0.150000   0.400000 0.300000
0.040000 0.040000 0.010000   0.000000 0.000000 0.500000   3.000000 
100.000000 0.500000 
psys_blue_weapon_fire 12818 prt_mesh_fire_1  10 0.150000 0.200000 0.030000 10.000000 0.000000 
0.500000 0.800000   0.500000 0.000000
0.500000 0.020000   1.000000 0.020000
0.500000 0.960000   1.000000 0.870000
0.500000 0.800000   1.000000 0.600000
0.000000 0.150000   0.400000 0.300000
0.040000 0.040000 0.010000   0.000000 0.000000 0.500000   3.000000 
100.000000 0.500000 
psys_freeze_blast_large 12818 prt_mesh_fire_1  50 0.350000 0.200000 0.030000 10.000000 0.000000 
0.300000 1.000000   1.000000 0.300000
1.000000 1.000000   1.000000 1.000000
1.000000 1.000000   1.000000 1.000000
1.000000 1.000000   1.000000 1.000000
0.000000 0.300000   0.400000 0.600000
0.040000 0.040000 0.010000   0.000000 0.000000 0.500000   0.000000 
200.000000 0.500000 
psys_war_smoke_tall_large 12818 prt_mesh_smoke_1  5 12.000000 0.000000 0.000000 7.000000 7.000000 
0.000000 0.250000   1.000000 0.000000
0.000000 1.000000   1.000000 0.800000
0.000000 1.000000   1.000000 0.800000
0.000000 1.000000   1.000000 0.800000
0.000000 3.300000   1.000000 22.500000
0.000000 0.000000 0.000000   0.000000 0.000000 2.200000   0.100000 
100.000000 0.200000 
psys_arrow_fire 12818 prt_mesh_fire_1  100 1.300000 0.200000 0.030000 10.000000 10.000000 
0.500000 0.800000   1.000000 0.000000
0.500000 1.000000   1.000000 0.900000
0.500000 0.700000   1.000000 0.300000
0.500000 0.200000   1.000000 0.000000
0.000000 0.150000   0.400000 0.300000
0.040000 0.040000 0.010000   0.000000 0.000000 0.500000   0.000000 
200.000000 0.500000 
psys_tzeentch_fire 12818 prt_mesh_fire_1  100 1.300000 0.200000 0.030000 10.000000 10.000000 
0.500000 0.800000   1.000000 0.000000
0.500000 0.020000   1.000000 0.020000
0.500000 0.960000   1.000000 0.870000
0.500000 0.800000   1.000000 0.600000
0.000000 0.150000   0.400000 0.300000
0.040000 0.040000 0.010000   0.000000 0.000000 0.500000   0.000000 
200.000000 0.500000 
psys_slaanesh_fire 12818 prt_mesh_fire_1  100 1.300000 0.200000 0.030000 10.000000 10.000000 
0.500000 0.800000   1.000000 0.000000
0.000000 1.000000   1.000000 1.000000
0.000000 0.000000   1.000000 0.000000
0.000000 0.450000   1.000000 0.450000
0.000000 0.150000   0.400000 0.300000
0.040000 0.040000 0.010000   0.000000 0.000000 0.500000   0.000000 
200.000000 0.500000 
psys_nurgle_fire 12818 prt_mesh_fire_1  100 1.300000 0.200000 0.030000 10.000000 10.000000 
0.500000 0.800000   1.000000 0.000000
0.000000 0.290000   1.000000 0.290000
0.000000 0.600000   1.000000 0.600000
0.000000 0.000000   1.000000 0.000000
0.000000 0.150000   0.400000 0.300000
0.040000 0.040000 0.010000   0.000000 0.000000 0.500000   0.000000 
200.000000 0.500000 
psys_orc_fire 12818 prt_mesh_fire_1  100 1.300000 0.200000 0.030000 10.000000 10.000000 
0.500000 0.800000   1.000000 0.000000
0.000000 0.000000   1.000000 0.000000
0.000000 0.600000   1.000000 0.600000
0.000000 0.000000   1.000000 0.000000
0.000000 0.150000   0.400000 0.300000
0.040000 0.040000 0.010000   0.000000 0.000000 0.500000   0.000000 
200.000000 0.500000 
psys_goblin_fire 12818 prt_mesh_fire_1  100 1.300000 0.200000 0.030000 10.000000 10.000000 
0.500000 0.800000   1.000000 0.000000
0.000000 0.000000   1.000000 0.000000
0.000000 1.000000   1.000000 1.000000
0.000000 0.000000   1.000000 0.000000
0.000000 0.150000   0.400000 0.300000
0.040000 0.040000 0.010000   0.000000 0.000000 0.500000   0.000000 
200.000000 0.500000 
psys_ice_fire 12818 prt_mesh_fire_1  100 1.300000 0.200000 0.030000 10.000000 10.000000 
0.500000 0.800000   1.000000 0.000000
0.000000 0.680000   1.000000 0.680000
0.000000 0.980000   1.000000 0.980000
0.000000 1.000000   1.000000 1.000000
0.000000 0.150000   0.400000 0.300000
0.040000 0.040000 0.010000   0.000000 0.000000 0.500000   0.000000 
200.000000 0.500000 
psys_light_fire 12818 prt_mesh_fire_1  100 1.300000 0.200000 0.030000 10.000000 10.000000 
0.500000 0.800000   1.000000 0.000000
0.500000 1.000000   1.000000 1.000000
0.500000 1.000000   1.000000 1.000000
0.500000 0.800000   1.000000 1.000000
0.000000 0.150000   0.400000 0.300000
0.040000 0.040000 0.010000   0.000000 0.000000 0.500000   0.000000 
200.000000 0.500000 
psys_amber_fire 12818 prt_mesh_fire_1  100 1.300000 0.200000 0.030000 10.000000 10.000000 
0.500000 0.800000   1.000000 0.000000
0.000000 1.000000   1.000000 1.000000
0.000000 0.890000   1.000000 0.890000
0.000000 0.800000   1.000000 0.800000
0.000000 0.150000   0.400000 0.300000
0.040000 0.040000 0.010000   0.000000 0.000000 0.500000   0.000000 
200.000000 0.500000 
psys_amethyst_fire 12818 prt_mesh_fire_1  100 1.300000 0.200000 0.030000 10.000000 10.000000 
0.500000 0.800000   1.000000 0.000000
0.000000 0.400000   1.000000 0.400000
0.000000 0.000000   1.000000 0.000000
0.000000 0.800000   1.000000 0.800000
0.000000 0.150000   0.400000 0.300000
0.040000 0.040000 0.010000   0.000000 0.000000 0.500000   0.000000 
200.000000 0.500000 
psys_dhar_fire 12818 prt_mesh_fire_1  100 1.300000 0.200000 0.030000 10.000000 10.000000 
0.500000 0.800000   1.000000 0.000000
0.000000 0.000000   1.000000 0.000000
0.000000 0.000000   1.000000 0.000000
0.000000 0.000000   1.000000 0.000000
0.000000 0.150000   0.400000 0.300000
0.040000 0.040000 0.010000   0.000000 0.000000 0.500000   0.000000 
200.000000 0.500000 
psys_desert_fire 12818 prt_mesh_fire_1  100 1.300000 0.200000 0.030000 10.000000 10.000000 
0.500000 0.800000   1.000000 0.000000
0.000000 0.950000   1.000000 0.950000
0.000000 0.960000   1.000000 0.960000
0.000000 0.020000   1.000000 0.020000
0.000000 0.150000   0.400000 0.300000
0.040000 0.040000 0.010000   0.000000 0.000000 0.500000   0.000000 
200.000000 0.500000 
psys_wild_fire 12818 prt_mesh_fire_1  100 1.300000 0.200000 0.030000 10.000000 10.000000 
0.500000 0.800000   1.000000 0.000000
0.000000 0.610000   1.000000 0.610000
0.000000 0.330000   1.000000 0.330000
0.000000 0.040000   1.000000 0.040000
0.000000 0.150000   0.400000 0.300000
0.040000 0.040000 0.010000   0.000000 0.000000 0.500000   0.000000 
200.000000 0.500000 
psys_arrow_smoke 530 prtcl_dust_a  75 1.500000 0.200000 -0.200000 10.000000 0.100000 
0.500000 0.250000   1.000000 0.000000
0.000000 0.200000   1.000000 0.100000
0.000000 0.200000   1.000000 0.090000
0.000000 0.200000   1.000000 0.080000
0.000000 0.500000   0.800000 2.500000
0.100000 0.100000 0.100000   0.000000 0.000000 1.500000   0.100000 
0.0 0.0 
psys_arrow_fire_sparks 8722 prt_sparks_mesh_1  30 1.500000 0.200000 0.000000 10.000000 0.020000 
0.660000 1.000000   1.000000 0.000000
0.100000 0.700000   1.000000 0.700000
0.100000 0.500000   1.000000 0.500000
0.100000 0.100000   1.000000 0.100000
0.100000 0.050000   1.000000 0.050000
0.100000 0.100000 0.100000   0.000000 0.000000 0.900000   0.000000 
0.000000 0.000000 
psys_jade_sparks 8722 prt_sparks_mesh_1  30 1.500000 0.200000 0.000000 10.000000 0.020000 
0.660000 1.000000   1.000000 0.000000
1.000000 0.060000   1.000000 0.060000
1.000000 0.960000   1.000000 0.960000
1.000000 0.720000   1.000000 0.720000
0.100000 0.050000   1.000000 0.050000
0.100000 0.100000 0.100000   0.000000 0.000000 0.900000   0.000000 
0.000000 0.000000 
psys_dhar_sparks 8722 prt_sparks_mesh_1  30 1.500000 0.200000 0.000000 10.000000 0.020000 
0.660000 1.000000   1.000000 0.000000
1.000000 0.000000   1.000000 0.000000
1.000000 0.000000   1.000000 0.000000
1.000000 0.000000   1.000000 0.000000
0.100000 0.050000   1.000000 0.050000
0.100000 0.100000 0.100000   0.000000 0.000000 0.900000   0.000000 
0.000000 0.000000 
psys_plague_sparks 8722 prt_sparks_mesh_1  30 1.500000 0.200000 0.000000 10.000000 0.020000 
0.660000 1.000000   1.000000 0.000000
1.000000 0.000000   1.000000 0.000000
1.000000 0.200000   1.000000 0.200000
1.000000 0.000000   1.000000 0.000000
0.100000 0.050000   1.000000 0.050000
0.100000 0.100000 0.100000   0.000000 0.000000 0.900000   0.000000 
0.000000 0.000000 
psys_orc_sparks 8722 prt_sparks_mesh_1  30 1.500000 0.200000 0.000000 10.000000 0.020000 
0.660000 1.000000   1.000000 0.000000
1.000000 0.000000   1.000000 0.000000
1.000000 0.020000   1.000000 0.020000
1.000000 0.020000   1.000000 0.020000
0.100000 0.050000   1.000000 0.050000
0.100000 0.100000 0.100000   0.000000 0.000000 0.900000   0.000000 
0.000000 0.000000 
psys_nehekhara_sparks 8722 prt_sparks_mesh_1  30 1.500000 0.200000 0.000000 10.000000 0.020000 
0.660000 1.000000   1.000000 0.000000
1.000000 0.980000   1.000000 0.980000
1.000000 0.720000   1.000000 0.720000
1.000000 0.060000   1.000000 0.060000
0.100000 0.050000   1.000000 0.050000
0.100000 0.100000 0.100000   0.000000 0.000000 0.900000   0.000000 
0.000000 0.000000 
psys_desert_sparks 8722 prt_sparks_mesh_1  30 1.500000 0.200000 0.000000 10.000000 0.020000 
0.660000 1.000000   1.000000 0.000000
1.000000 0.940000   1.000000 0.940000
1.000000 0.970000   1.000000 0.970000
1.000000 0.030000   1.000000 0.030000
0.100000 0.050000   1.000000 0.050000
0.100000 0.100000 0.100000   0.000000 0.000000 0.900000   0.000000 
0.000000 0.000000 
psys_ruin_sparks 8722 prt_sparks_mesh_1  30 1.500000 0.200000 0.000000 10.000000 0.020000 
0.660000 1.000000   1.000000 0.000000
1.000000 0.320000   1.000000 0.320000
1.000000 0.600000   1.000000 0.600000
1.000000 0.000000   1.000000 0.000000
0.100000 0.050000   1.000000 0.050000
0.100000 0.100000 0.100000   0.000000 0.000000 0.900000   0.000000 
0.000000 0.000000 
psys_goblin_sparks 8722 prt_sparks_mesh_1  30 1.500000 0.200000 0.000000 10.000000 0.020000 
0.660000 1.000000   1.000000 0.000000
1.000000 0.000000   1.000000 0.000000
1.000000 1.000000   1.000000 1.000000
1.000000 0.000000   1.000000 0.000000
0.100000 0.050000   1.000000 0.050000
0.100000 0.100000 0.100000   0.000000 0.000000 0.900000   0.000000 
0.000000 0.000000 
psys_slaanesh_sparks 8722 prt_sparks_mesh_1  30 1.500000 0.200000 0.000000 10.000000 0.020000 
0.660000 1.000000   1.000000 0.000000
1.000000 1.000000   1.000000 1.000000
1.000000 0.000000   1.000000 0.000000
1.000000 0.450000   1.000000 0.450000
0.100000 0.050000   1.000000 0.050000
0.100000 0.100000 0.100000   0.000000 0.000000 0.900000   0.000000 
0.000000 0.000000 
psys_light_sparks 8722 prt_sparks_mesh_1  30 1.500000 0.200000 0.000000 10.000000 0.020000 
0.660000 1.000000   1.000000 0.000000
1.000000 1.000000   1.000000 1.000000
1.000000 1.000000   1.000000 1.000000
1.000000 1.000000   1.000000 1.000000
0.100000 0.050000   1.000000 0.050000
0.100000 0.100000 0.100000   0.000000 0.000000 0.900000   0.000000 
0.000000 0.000000 
psys_nurgle_sparks 8722 prt_sparks_mesh_1  30 1.500000 0.200000 0.000000 10.000000 0.020000 
0.660000 1.000000   1.000000 0.000000
1.000000 0.290000   1.000000 0.290000
1.000000 0.600000   1.000000 0.600000
1.000000 0.000000   1.000000 0.000000
0.100000 0.050000   1.000000 0.050000
0.100000 0.100000 0.100000   0.000000 0.000000 0.900000   0.000000 
0.000000 0.000000 
psys_wild_sparks 8722 prt_sparks_mesh_1  30 1.500000 0.200000 0.000000 10.000000 0.020000 
0.660000 1.000000   1.000000 0.000000
1.000000 0.610000   1.000000 0.610000
1.000000 0.330000   1.000000 0.330000
1.000000 0.040000   1.000000 0.040000
0.100000 0.050000   1.000000 0.050000
0.100000 0.100000 0.100000   0.000000 0.000000 0.900000   0.000000 
0.000000 0.000000 
psys_grey_sparks 8722 prt_sparks_mesh_1  30 1.500000 0.200000 0.000000 10.000000 0.020000 
0.660000 1.000000   1.000000 0.000000
1.000000 0.130000   1.000000 0.130000
1.000000 0.130000   1.000000 0.130000
1.000000 0.130000   1.000000 0.130000
0.100000 0.050000   1.000000 0.050000
0.100000 0.100000 0.100000   0.000000 0.000000 0.900000   0.000000 
0.000000 0.000000 
psys_amethyst_sparks 8722 prt_sparks_mesh_1  30 1.500000 0.200000 0.000000 10.000000 0.020000 
0.660000 1.000000   1.000000 0.000000
1.000000 0.400000   1.000000 0.400000
1.000000 0.000000   1.000000 0.000000
1.000000 0.800000   1.000000 0.800000
0.100000 0.050000   1.000000 0.050000
0.100000 0.100000 0.100000   0.000000 0.000000 0.900000   0.000000 
0.000000 0.000000 
psys_ice_sparks 8722 prt_sparks_mesh_1  30 1.500000 0.200000 0.000000 10.000000 0.020000 
0.660000 1.000000   1.000000 0.000000
1.000000 0.680000   1.000000 0.680000
1.000000 0.980000   1.000000 0.980000
1.000000 1.000000   1.000000 1.000000
0.100000 0.050000   1.000000 0.050000
0.100000 0.100000 0.100000   0.000000 0.000000 0.900000   0.000000 
0.000000 0.000000 
psys_amber_sparks 8722 prt_sparks_mesh_1  30 1.500000 0.200000 0.000000 10.000000 0.020000 
0.660000 1.000000   1.000000 0.000000
1.000000 1.000000   1.000000 1.000000
1.000000 0.890000   1.000000 0.890000
1.000000 0.800000   1.000000 0.800000
0.100000 0.050000   1.000000 0.050000
0.100000 0.100000 0.100000   0.000000 0.000000 0.900000   0.000000 
0.000000 0.000000 
psys_tzeentch_sparks_passive 8722 prt_sparks_mesh_1  30 1.500000 0.200000 0.000000 10.000000 0.020000 
0.660000 1.000000   1.000000 0.000000
1.000000 0.020000   1.000000 0.020000
1.000000 0.870000   1.000000 0.870000
1.000000 0.600000   1.000000 0.600000
0.100000 0.050000   1.000000 0.050000
0.100000 0.100000 0.100000   0.000000 0.000000 0.900000   0.000000 
0.000000 0.000000 
psys_tzeentch_sparks 8722 prt_sparks_mesh_1  30 1.500000 0.200000 0.000000 10.000000 0.020000 
0.660000 1.000000   1.000000 0.000000
1.000000 0.020000   1.000000 0.020000
1.000000 0.870000   1.000000 0.870000
1.000000 0.600000   1.000000 0.600000
0.100000 0.930000   1.000000 0.930000
0.100000 0.100000 0.100000   0.000000 0.000000 0.900000   0.000000 
0.000000 0.000000 
psys_celestial_sparks 8722 prt_sparks_mesh_1  30 1.500000 0.200000 0.000000 10.000000 0.020000 
0.660000 1.000000   1.000000 0.000000
1.000000 0.000000   1.000000 0.000000
1.000000 0.000000   1.000000 0.000000
1.000000 0.800000   1.000000 0.800000
0.100000 0.050000   1.000000 0.050000
0.100000 0.100000 0.100000   0.000000 0.000000 0.900000   0.000000 
0.000000 0.000000 
psys_tornado 530 prt_tornado  90 2.200000 0.200000 -0.450000 90.000000 10.000000 
0.500000 0.200000   1.000000 0.000000
0.000000 0.701000   1.000000 1.000000
0.000000 1.000000   1.000000 1.000000
0.000000 1.000000   1.000000 1.000000
0.000000 0.100000   0.800000 8.000000
0.100000 0.100000 0.100000   0.100000 0.100000 0.000000   0.300000 
30.000000 0.000000 
psys_tornado2 530 prt_tornado  90 2.200000 0.200000 -0.450000 90.000000 10.000000 
0.500000 0.400000   1.000000 0.000000
0.000000 0.170000   1.000000 0.170000
0.000000 0.100000   1.000000 0.100000
0.000000 0.000000   1.000000 0.000000
0.000000 0.100000   0.800000 8.000000
0.100000 0.100000 0.100000   0.100000 0.100000 0.000000   0.300000 
30.000000 0.000000 
psys_tornado_smoke 12818 prt_mesh_smoke_1  4 4.000000 0.100000 0.000000 3.000000 5.000000 
0.200000 0.200000   1.000000 0.000000
0.000000 0.200000   1.000000 0.200000
0.000000 0.100000   1.000000 0.100000
0.000000 0.000000   1.000000 0.000000
0.000000 0.650000   1.000000 7.000000
0.000000 0.000000 0.000000   0.000000 0.000000 1.200000   0.000000 
0.000000 0.000000 
psys_tornado_trail_1 1554 prt_tornado  90 1.000000 0.000000 0.000000 0.000000 0.000000 
0.100000 0.300000   1.000000 0.000000
0.000000 0.701000   1.000000 1.000000
0.000000 1.000000   1.000000 1.000000
0.000000 1.000000   1.000000 1.000000
0.000000 0.100000   0.800000 5.000000
0.100000 0.100000 0.100000   0.000000 0.000000 0.000000   0.300000 
30.000000 0.000000 
psys_tornado_trail_2 1554 prt_tornado  90 1.000000 0.000000 0.000000 0.000000 0.000000 
0.100000 0.300000   1.000000 0.000000
0.000000 0.170000   1.000000 0.170000
0.000000 0.100000   1.000000 0.100000
0.000000 0.000000   1.000000 0.000000
0.000000 0.100000   0.800000 5.000000
0.100000 0.100000 0.100000   0.000000 0.000000 0.000000   0.300000 
30.000000 0.000000 
psys_spinning_blade 2 prt_spinningblade  8 4.000000 0.000000 0.000000 0.000000 0.000000 
0.100000 1.000000   1.000000 0.000000
0.000000 0.000000   1.000000 0.000000
0.000000 0.000000   1.000000 0.000000
0.000000 0.000000   1.000000 0.000000
0.000000 0.200000   1.000000 0.200000
1.500000 1.500000 0.000000   0.000000 0.000000 0.000000   0.000000 
1000.000000 0.000000 
psys_spinning_blade_rings 8210 prt_ground_rings  5 2.000000 0.000000 0.000000 0.000000 0.000000 
0.500000 0.500000   1.000000 0.000000
0.000000 0.000000   1.000000 0.000000
0.000000 0.000000   1.000000 0.000000
0.000000 0.000000   1.000000 0.000000
0.100000 1.000000   0.500000 0.400000
0.000000 0.000000 0.000000   0.000000 0.000000 0.000000   0.000000 
500.000000 0.000000 
psys_spinning_blade_rings_2 8210 prt_ground_rings  5 2.000000 0.000000 0.000000 0.000000 0.000000 
0.500000 0.200000   1.000000 0.000000
0.000000 0.317000   1.000000 0.317000
0.000000 0.027000   1.000000 0.027000
0.000000 0.392000   1.000000 0.392000
0.100000 1.000000   0.500000 0.400000
0.000000 0.000000 0.000000   0.000000 0.000000 0.000000   0.000000 
500.000000 0.000000 
psys_wall_of_shadow 12818 prt_mist_particle  30 2.000000 0.100000 0.000000 5.000000 0.000000 
0.500000 0.800000   1.000000 0.000000
0.500000 0.000000   1.000000 0.000000
0.500000 0.000000   1.000000 0.000000
0.500000 0.000000   1.000000 0.000000
0.100000 3.000000   1.000000 2.000000
1.000000 0.010000 0.010000   0.000000 0.000000 1.400000   0.000000 
0.000000 0.000000 
psys_wall_of_shadow_2 12818 prt_mist_particle  30 2.000000 0.100000 0.000000 5.000000 0.000000 
0.500000 0.200000   1.000000 0.000000
0.500000 0.101000   1.000000 0.298000
0.500000 0.011000   1.000000 0.023000
0.500000 0.149000   1.000000 0.435000
0.100000 3.000000   1.000000 2.000000
1.000000 0.010000 0.010000   0.000000 0.000000 1.400000   0.000000 
0.000000 0.000000 
psys_darkfog 9746 prt_darkfog  50 3.000000 0.100000 0.000000 5.000000 0.000000 
0.500000 0.500000   1.000000 0.000000
0.000000 0.101000   1.000000 0.101000
0.000000 0.090000   1.000000 0.090000
0.000000 0.207000   1.000000 0.207000
0.100000 5.000000   1.000000 6.000000
2.000000 2.000000 0.010000   0.000000 0.010000 0.000000   0.000000 
100.000000 0.000000 
psys_poison_icon 530 prt_poison  1 6.000000 0.000000 0.000000 0.000000 0.000000 
0.100000 0.900000   1.000000 0.000000
0.000000 0.000000   1.000000 0.000000
0.000000 0.900000   1.000000 0.900000
0.000000 0.100000   1.000000 0.100000
0.100000 2.000000   1.000000 2.000000
1.000000 1.000000 1.000000   0.000000 0.000000 0.000000   0.000000 
0.000000 0.000000 
psys_orchead_icon 530 prt_orchead  1 6.000000 0.000000 0.000000 0.000000 0.000000 
0.100000 0.900000   1.000000 0.000000
0.000000 0.000000   1.000000 0.000000
0.000000 0.900000   1.000000 0.900000
0.000000 0.100000   1.000000 0.100000
0.100000 2.000000   1.000000 2.000000
1.000000 1.000000 1.000000   0.000000 0.000000 0.000000   0.000000 
0.000000 0.000000 
psys_clock_icon 530 prt_clock  1 6.000000 0.000000 0.000000 0.000000 0.000000 
0.100000 0.900000   1.000000 0.000000
0.000000 0.300000   1.000000 0.300000
0.000000 0.500000   1.000000 0.500000
0.000000 0.900000   1.000000 0.900000
0.100000 1.000000   1.000000 1.000000
1.000000 1.000000 1.000000   0.000000 0.000000 0.000000   0.000000 
0.000000 0.000000 
psys_amethyst_clock_icon 530 prt_clock  1 6.000000 0.000000 0.000000 0.000000 0.000000 
0.100000 0.900000   1.000000 0.000000
0.000000 0.400000   1.000000 0.400000
0.000000 0.000000   1.000000 0.000000
0.000000 0.800000   1.000000 0.800000
0.100000 1.000000   1.000000 1.000000
1.000000 1.000000 1.000000   0.000000 0.000000 0.000000   0.000000 
0.000000 0.000000 
psys_low_fog_green_add 274 prt_lowfog_add  50 4.000000 1.200000 0.000000 10.000000 5.000000 
0.500000 0.200000   1.000000 0.000000
0.000000 0.537000   1.000000 0.537000
0.000000 0.874000   1.000000 0.874000
0.000000 0.325000   1.000000 0.325000
0.100000 10.000000   1.000000 10.000000
10.000000 10.000000 0.000000   0.000000 0.000000 0.000000   0.000000 
0.000000 0.000000 
psys_low_fog_green_blend 274 prt_lowfog_blend  50 4.000000 1.200000 0.000000 10.000000 5.000000 
0.500000 0.200000   1.000000 0.000000
0.000000 0.537000   1.000000 0.537000
0.000000 0.874000   1.000000 0.874000
0.000000 0.325000   1.000000 0.325000
0.100000 10.000000   1.000000 10.000000
10.000000 10.000000 0.000000   0.000000 0.000000 0.000000   0.000000 
0.000000 0.000000 
psys_leaf_particle 258 prt_leaf_particle  20 9.000000 0.400000 0.500000 0.000000 0.000000 
0.000000 1.000000   1.000000 1.000000
0.000000 1.000000   1.000000 1.000000
0.000000 1.000000   1.000000 1.000000
0.000000 1.000000   1.000000 1.000000
0.000000 1.000000   1.000000 1.000000
10.000000 10.000000 10.000000   0.000000 0.010000 -0.900000   0.100000 
20.000000 0.000000 
psys_tombkings_icon 530 prt_tombkings  1 6.000000 0.000000 0.000000 0.000000 0.000000 
0.100000 1.000000   1.000000 0.000000
0.000000 1.000000   1.000000 1.000000
0.000000 1.000000   1.000000 1.000000
0.000000 1.000000   1.000000 1.000000
0.100000 2.000000   1.000000 2.000000
1.000000 1.000000 1.000000   0.000000 0.000000 0.000000   0.000000 
0.000000 0.000000 
psys_beastmen_icon 530 prt_beasticon  1 6.000000 0.000000 0.000000 0.000000 0.000000 
0.100000 1.000000   1.000000 0.000000
0.000000 1.000000   1.000000 1.000000
0.000000 1.000000   1.000000 1.000000
0.000000 1.000000   1.000000 1.000000
0.100000 2.000000   1.000000 2.000000
1.000000 1.000000 1.000000   0.000000 0.000000 0.000000   0.000000 
0.000000 0.000000 
psys_beam_of_light 530 prt_beam  1 6.000000 0.000000 0.000000 0.000000 0.000000 
0.500000 0.300000   1.000000 0.000000
0.000000 0.980000   1.000000 0.980000
0.000000 0.950000   1.000000 0.950000
0.000000 0.640000   1.000000 0.640000
0.100000 1.200000   1.000000 1.200000
0.800000 0.010000 0.010000   0.000000 0.000000 0.000000   0.000000 
0.000000 0.000000 
psys_beam_of_light2 530 prt_beam  2 6.000000 0.000000 0.000000 0.000000 0.000000 
0.500000 0.100000   1.000000 0.000000
0.000000 0.880000   1.000000 0.880000
0.000000 0.730000   1.000000 0.730000
0.000000 0.450000   1.000000 0.450000
0.100000 1.100000   1.000000 1.100000
0.800000 0.010000 0.010000   0.000000 0.000000 0.000000   0.000000 
0.000000 0.000000 
psys_beam_of_light_sparkles 4626 prt_sparkle  4 3.000000 0.000000 -0.050000 0.000000 0.000000 
0.500000 0.900000   1.000000 0.000000
0.000000 0.980000   1.000000 0.980000
0.000000 0.950000   1.000000 0.950000
0.000000 0.640000   1.000000 0.640000
0.100000 0.400000   1.000000 0.400000
0.500000 0.000000 0.000000   0.000000 0.001000 0.000000   0.100000 
0.000000 0.000000 
psys_lightning1 530 prt_lightning1  1 1.000000 0.000000 0.000000 0.000000 0.000000 
0.000000 1.000000   0.700000 0.000000
0.000000 0.568000   1.000000 0.568000
0.000000 0.960000   1.000000 0.960000
0.000000 0.968000   1.000000 0.968000
0.100000 5.000000   1.000000 5.000000
5.000000 5.000000 0.000000   0.000000 0.000000 0.000000   0.000000 
0.000000 0.000000 
psys_lightning2 530 prt_lightning2  1 1.000000 0.000000 0.000000 0.000000 0.000000 
0.000000 1.000000   0.700000 0.000000
0.000000 0.568000   1.000000 0.568000
0.000000 0.960000   1.000000 0.960000
0.000000 0.968000   1.000000 0.968000
0.100000 5.000000   1.000000 5.000000
5.000000 5.000000 0.000000   0.000000 0.000000 0.000000   0.000000 
0.000000 0.000000 
psys_lightning3 530 prt_lightning3  1 1.000000 0.000000 0.000000 0.000000 0.000000 
0.000000 1.000000   0.700000 0.000000
0.000000 0.568000   1.000000 0.568000
0.000000 0.960000   1.000000 0.960000
0.000000 0.968000   1.000000 0.968000
0.100000 5.000000   1.000000 5.000000
5.000000 5.000000 0.000000   0.000000 0.000000 0.000000   0.000000 
0.000000 0.000000 
psys_lightning4 530 prt_lightning4  1 1.000000 0.000000 0.000000 0.000000 0.000000 
0.000000 1.000000   0.700000 0.000000
0.000000 0.568000   1.000000 0.568000
0.000000 0.960000   1.000000 0.960000
0.000000 0.968000   1.000000 0.968000
0.100000 5.000000   1.000000 5.000000
5.000000 5.000000 0.000000   0.000000 0.000000 0.000000   0.000000 
0.000000 0.000000 
psys_lightningstrike 530 prt_lightning1  1 1.000000 0.000000 0.000000 0.000000 0.000000 
0.000000 1.000000   0.700000 0.000000
0.000000 0.568000   1.000000 0.568000
0.000000 0.960000   1.000000 0.960000
0.000000 0.968000   1.000000 0.968000
0.100000 5.000000   1.000000 5.000000
0.000000 0.000000 0.000000   0.000000 0.000000 0.000000   0.000000 
0.000000 0.000000 
psys_lightningstrike_green 530 prt_lightning3  1 1.000000 0.000000 0.000000 0.000000 0.000000 
0.000000 1.000000   0.700000 0.000000
0.000000 0.098000   1.000000 0.027000
0.000000 0.501000   1.000000 0.690000
0.000000 0.239000   1.000000 0.258000
0.100000 5.000000   1.000000 5.000000
0.000000 0.000000 0.000000   0.000000 0.000000 0.000000   0.000000 
0.000000 0.000000 
psys_lightningstrike_blue 530 prt_lightning3  1 1.000000 0.000000 0.000000 0.000000 0.000000 
0.000000 1.000000   0.700000 0.000000
0.000000 0.020000   1.000000 0.020000
0.000000 0.870000   1.000000 0.870000
0.000000 0.930000   1.000000 0.930000
0.100000 5.000000   1.000000 5.000000
0.000000 0.000000 0.000000   0.000000 0.000000 0.000000   0.000000 
0.000000 0.000000 
psys_standardbuff_1 274 prt_standardbuff1  2 1.000000 0.000000 0.000000 0.000000 0.000000 
0.500000 0.200000   1.000000 0.000000
0.000000 0.040000   1.000000 0.040000
0.000000 0.730000   1.000000 0.730000
0.000000 0.990000   1.000000 0.990000
0.100000 3.000000   1.000000 7.000000
0.200000 0.200000 0.200000   0.000000 0.000000 0.000000   0.000000 
0.000000 0.000000 
psys_dhar_beam_medium 274 prt_standardbuff1  2 1.000000 0.000000 0.000000 0.000000 0.000000 
0.500000 0.200000   1.000000 0.000000
0.000000 0.000000   1.000000 0.000000
0.000000 0.000000   1.000000 0.000000
0.000000 0.000000   1.000000 0.000000
0.100000 3.000000   1.000000 7.000000
0.200000 0.200000 0.200000   0.000000 0.000000 0.000000   0.000000 
0.000000 0.000000 
psys_standardbuff_2 274 prt_standardbuff1  2 1.000000 0.000000 0.000000 0.000000 0.000000 
0.500000 0.200000   1.000000 0.000000
0.000000 0.400000   1.000000 0.400000
0.000000 0.000000   1.000000 0.000000
0.000000 0.800000   1.000000 0.800000
0.100000 3.000000   1.000000 7.000000
0.200000 0.200000 0.200000   0.000000 0.000000 0.000000   0.000000 
0.000000 0.000000 
psys_standardbuff_3 274 prt_standardbuff1  2 1.000000 0.000000 0.000000 0.000000 0.000000 
0.500000 0.200000   1.000000 0.000000
0.000000 0.100000   1.000000 1.000000
0.000000 0.890000   1.000000 0.890000
0.000000 0.800000   1.000000 0.800000
0.100000 3.000000   1.000000 7.000000
0.200000 0.200000 0.200000   0.000000 0.000000 0.000000   0.000000 
0.000000 0.000000 
psys_standardbuff_4 274 prt_standardbuff1  2 1.000000 0.000000 0.000000 0.000000 0.000000 
0.500000 0.200000   1.000000 0.000000
0.000000 0.000000   1.000000 0.000000
0.000000 0.600000   1.000000 0.600000
0.000000 0.000000   1.000000 0.000000
0.100000 3.000000   1.000000 7.000000
0.200000 0.200000 0.200000   0.000000 0.000000 0.000000   0.000000 
0.000000 0.000000 
psys_standardbuff_5 274 prt_standardbuff1  2 1.000000 0.000000 0.000000 0.000000 0.000000 
0.500000 0.200000   1.000000 0.000000
0.000000 0.940000   1.000000 0.940000
0.000000 0.960000   1.000000 0.960000
0.000000 0.030000   1.000000 0.030000
0.100000 7.000000   1.000000 1.000000
0.200000 0.200000 0.200000   0.000000 0.000000 0.000000   0.000000 
0.000000 0.000000 
psys_area_flames 514 prt_flamesheet  15 1.000000 0.100000 0.000000 0.000000 0.000000 
0.500000 0.300000   1.000000 0.000000
0.500000 1.000000   1.000000 0.900000
0.500000 0.700000   1.000000 0.300000
0.500000 0.200000   1.000000 0.000000
0.000000 3.000000   1.000000 3.000000
1.000000 1.000000 0.000000   0.000000 0.000000 0.700000   0.000000 
100.000000 0.500000 
psys_tzeentch_area_flames 514 prt_flamesheet  15 1.000000 0.100000 0.000000 0.000000 0.000000 
0.500000 0.300000   1.000000 0.000000
0.000000 0.020000   1.000000 0.020000
0.000000 0.870000   1.000000 0.870000
0.000000 0.930000   1.000000 0.930000
0.000000 3.000000   1.000000 3.000000
1.000000 1.000000 0.000000   0.000000 0.000000 0.700000   0.000000 
100.000000 0.500000 
psys_blackmist_aoe 274 prt_lowfog_blend  100 4.000000 1.200000 0.000000 10.000000 5.000000 
0.100000 0.150000   1.000000 0.000000
0.000000 0.000000   1.000000 0.000000
0.000000 0.000000   1.000000 0.000000
0.000000 0.000000   1.000000 0.000000
0.100000 10.000000   1.000000 10.000000
10.000000 10.000000 0.000000   0.000000 0.000000 0.100000   0.000000 
0.000000 0.000000 
psys_whitemist_aoe 274 prt_lowfog_blend  100 4.000000 1.200000 0.000000 10.000000 5.000000 
0.100000 0.150000   1.000000 0.000000
0.000000 1.000000   1.000000 1.000000
0.000000 1.000000   1.000000 1.000000
0.000000 1.000000   1.000000 1.000000
0.100000 10.000000   1.000000 10.000000
10.000000 10.000000 0.000000   0.000000 0.000000 3.000000   0.000000 
0.000000 0.000000 
psys_blackmist_individual 530 prt_lowfog_blend  50 2.000000 0.100000 0.000000 5.000000 0.000000 
0.500000 0.200000   1.000000 0.000000
0.500000 0.000000   1.000000 0.000000
0.500000 0.000000   1.000000 0.000000
0.500000 0.000000   1.000000 0.000000
0.100000 3.000000   1.000000 3.000000
0.700000 0.010000 0.010000   0.000000 0.000000 1.400000   0.000000 
0.000000 0.000000 
psys_harmonic_convergence 18 prt_harmonic  10 2.000000 0.000000 0.000000 0.000000 0.000000 
0.200000 0.500000   1.000000 0.000000
0.000000 0.556000   1.000000 0.556000
0.000000 0.878000   1.000000 0.878000
0.000000 0.941000   1.000000 0.941000
0.000000 6.000000   1.000000 0.100000
0.000000 0.000000 0.200000   0.000000 0.000000 0.000000   0.000000 
0.000000 0.000000 
psys_harmonic_grey 18 prt_harmonic  10 2.000000 0.000000 0.000000 0.000000 0.000000 
0.200000 0.500000   1.000000 0.000000
0.000000 0.250000   1.000000 0.250000
0.000000 0.250000   1.000000 0.250000
0.000000 0.250000   1.000000 0.250000
0.000000 6.000000   1.000000 0.100000
0.000000 0.000000 0.200000   0.000000 0.000000 0.000000   0.000000 
0.000000 0.000000 
psys_transmutation_circle 18 prt_transmutation_circle  1 10.000000 0.000000 0.000000 0.000000 0.000000 
0.100000 1.000000   1.000000 0.000000
0.000000 1.000000   1.000000 0.862000
0.000000 1.000000   1.000000 0.607000
0.000000 1.000000   1.000000 0.035000
0.100000 5.000000   0.500000 8.000000
0.000000 0.000000 0.000000   0.000000 0.000000 0.000000   0.000000 
0.000000 0.000000 
psys_transmutation_circle_1 18 prt_transmutation_circle_1  1 6.000000 0.000000 0.000000 0.000000 0.000000 
0.100000 1.000000   1.000000 0.000000
0.000000 1.000000   1.000000 0.862000
0.000000 1.000000   1.000000 0.607000
0.000000 1.000000   1.000000 0.035000
0.100000 2.000000   0.500000 100.000000
0.000000 0.000000 0.000000   0.000000 0.000000 0.000000   0.000000 
0.000000 0.000000 
psys_transmutation_circle_2 18 prt_transmutation_circle_2  1 6.000000 0.000000 0.000000 0.000000 0.000000 
0.100000 1.000000   1.000000 0.000000
0.000000 1.000000   1.000000 0.862000
0.000000 1.000000   1.000000 0.607000
0.000000 1.000000   1.000000 0.035000
0.100000 1.000000   0.500000 1.000000
0.000000 0.000000 0.000000   0.000000 0.000000 0.000000   0.000000 
0.000000 0.000000 
psys_transmutation_circle_3 18 prt_transmutation_circle_3  1 6.000000 0.000000 0.000000 0.000000 0.000000 
0.100000 1.000000   1.000000 0.000000
0.000000 1.000000   1.000000 0.862000
0.000000 1.000000   1.000000 0.607000
0.000000 1.000000   1.000000 0.035000
0.100000 2.500000   0.500000 2.500000
0.000000 0.000000 0.000000   0.000000 0.000000 0.000000   0.000000 
0.000000 0.000000 
psys_transmutation_circle_4 18 prt_transmutation_circle_4  1 6.000000 0.000000 0.000000 0.000000 0.000000 
0.100000 1.000000   1.000000 0.000000
0.000000 1.000000   1.000000 0.862000
0.000000 1.000000   1.000000 0.607000
0.000000 1.000000   1.000000 0.035000
0.100000 1.500000   0.500000 1.500000
0.000000 0.000000 0.000000   0.000000 0.000000 0.000000   0.000000 
0.000000 0.000000 
psys_transmutation_circle_ray_vertical 274 prt_ray_particle4  25 3.000000 0.000000 0.000000 0.000000 0.000000 
0.500000 1.000000   1.000000 0.000000
0.000000 0.976000   1.000000 1.000000
0.000000 0.749000   1.000000 0.713000
0.000000 0.203000   1.000000 0.019000
0.100000 3.000000   1.000000 3.000000
8.000000 8.000000 0.000000   0.000000 0.000000 7.300000   0.000000 
0.000000 0.000000 
psys_transmutation_circle_ray_vertical_grey 274 prt_ray_particle4  2 2.000000 0.000000 0.000000 0.000000 0.000000 
0.500000 1.000000   1.000000 0.000000
0.000000 0.545000   1.000000 0.690000
0.000000 0.537000   1.000000 0.690000
0.000000 0.537000   1.000000 0.690000
0.100000 0.250000   1.000000 0.250000
0.600000 0.600000 0.000000   0.000000 0.000000 0.400000   0.000000 
0.000000 0.000000 
psys_foot_of_gork 258 prt_foot_of_gork  1 3.000000 0.000000 0.100000 0.000000 0.000000 
0.000000 0.900000   1.000000 0.000000
0.000000 0.003000   1.000000 0.003000
0.000000 0.176000   1.000000 0.176000
0.000000 0.035000   1.000000 0.035000
0.100000 2.000000   0.500000 2.000000
0.000000 0.000000 0.000000   0.000000 0.000000 0.000000   0.000000 
0.000000 0.000000 
psys_dwellers_bellow_1 2 prt_dweller1  2 1.000000 6.000000 0.000000 0.000000 0.000000 
0.000000 0.900000   1.000000 0.000000
0.000000 0.011000   1.000000 0.007000
0.000000 0.505000   1.000000 0.352000
0.000000 0.149000   1.000000 0.101000
0.100000 5.000000   1.000000 5.000000
0.000000 0.000000 0.000000   0.000000 0.000000 20.000000   0.000000 
0.000000 0.000000 
psys_dwellers_bellow_2 2 prt_dweller2  2 1.000000 6.000000 0.000000 0.000000 0.000000 
0.000000 0.900000   1.000000 0.000000
0.000000 0.011000   1.000000 0.007000
0.000000 0.505000   1.000000 0.352000
0.000000 0.149000   1.000000 0.101000
0.100000 5.000000   1.000000 5.000000
0.000000 0.000000 0.000000   0.000000 0.000000 20.000000   0.000000 
0.000000 0.000000 
psys_dwellers_bellow_3 2 prt_dweller3  2 1.000000 6.000000 0.000000 0.000000 0.000000 
0.000000 0.900000   1.000000 0.000000
0.000000 0.011000   1.000000 0.007000
0.000000 0.505000   1.000000 0.352000
0.000000 0.149000   1.000000 0.101000
0.100000 5.000000   1.000000 5.000000
0.000000 0.000000 0.000000   0.000000 0.000000 20.000000   0.000000 
0.000000 0.000000 
psys_dwellers_bellow_4 2 prt_dweller4  2 1.000000 6.000000 0.000000 0.000000 0.000000 
0.000000 0.900000   1.000000 0.000000
0.000000 0.011000   1.000000 0.007000
0.000000 0.505000   1.000000 0.352000
0.000000 0.149000   1.000000 0.101000
0.100000 5.000000   1.000000 5.000000
0.000000 0.000000 0.000000   0.000000 0.000000 20.000000   0.000000 
0.000000 0.000000 
psys_dwellers_fog 274 prt_lowfog_blend  20 4.000000 1.200000 0.000000 10.000000 5.000000 
0.100000 0.150000   1.000000 0.000000
0.000000 0.007000   1.000000 0.007000
0.000000 0.352000   1.000000 0.352000
0.000000 0.227000   1.000000 0.227000
0.100000 10.000000   1.000000 10.000000
10.000000 10.000000 0.000000   0.000000 0.000000 0.000000   0.000000 
0.000000 0.000000 
psys_jade_healing 274 prt_standardbuff1  2 1.000000 0.000000 0.000000 0.000000 0.000000 
0.500000 0.200000   1.000000 0.000000
0.000000 0.000000   1.000000 0.000000
0.000000 0.500000   1.000000 0.500000
0.000000 0.000000   1.000000 0.000000
0.100000 6.000000   1.000000 1.000000
0.200000 0.200000 0.200000   0.000000 0.000000 0.000000   0.000000 
0.000000 0.000000 
psys_ground_rings_green 8210 prt_ground_rings_lighten  5 4.000000 0.000000 0.000000 0.000000 0.000000 
0.100000 0.700000   1.000000 0.000000
0.000000 0.098000   1.000000 0.027000
0.000000 0.501000   1.000000 0.690000
0.000000 0.239000   1.000000 0.258000
0.000000 1.200000   1.000000 1.000000
0.000000 0.000000 0.000000   0.000000 0.000000 0.000000   0.000000 
500.000000 0.000000 
psys_green_up_rays 274 prt_ray_particle2  20 2.000000 1.200000 -0.500000 0.000000 0.000000 
0.500000 1.000000   1.000000 0.000000
0.000000 0.250000   1.000000 0.250000
0.000000 0.250000   1.000000 0.250000
0.000000 0.250000   1.000000 0.250000
0.100000 2.000000   1.000000 2.000000
1.000000 1.000000 0.000000   0.000000 0.000000 0.000000   0.000000 
0.000000 0.000000 
psys_portal1 274 prt_portal1  1 7.500000 0.000000 0.000000 0.000000 0.000000 
0.000000 1.000000   1.000000 0.000000
0.000000 0.176000   1.000000 0.176000
0.000000 0.407000   1.000000 0.407000
0.000000 0.725000   1.000000 0.725000
0.100000 10.000000   1.000000 10.000000
0.000000 0.000000 0.000000   0.000000 0.000000 0.000000   0.000000 
0.000000 0.000000 
psys_portal2 274 prt_portal2  1 2.000000 0.000000 0.000000 0.000000 0.000000 
0.000000 1.000000   1.000000 0.000000
0.000000 0.176000   1.000000 0.176000
0.000000 0.407000   1.000000 0.407000
0.000000 0.725000   1.000000 0.725000
0.100000 10.000000   1.000000 10.000000
0.000000 0.000000 0.000000   0.000000 0.000000 0.000000   0.000000 
1000.000000 0.000000 
psys_portal3 274 prt_portal3  2 1.000000 0.000000 0.000000 0.000000 0.000000 
0.500000 1.000000   1.000000 0.000000
0.000000 0.176000   1.000000 0.176000
0.000000 0.407000   1.000000 0.407000
0.000000 0.725000   1.000000 0.725000
0.100000 10.000000   1.000000 17.000000
0.000000 0.000000 0.000000   0.000000 0.000000 0.000000   0.000000 
0.000000 0.000000 
psys_portal_sparkles 4626 prt_sparkle  20 2.000000 0.000000 0.000000 0.000000 0.000000 
0.500000 1.000000   1.000000 0.000000
0.000000 0.176000   1.000000 0.176000
0.000000 0.407000   1.000000 0.407000
0.000000 0.725000   1.000000 0.725000
0.100000 3.000000   1.000000 3.000000
0.000000 0.000000 0.000000   0.050000 0.001000 0.000000   5.000000 
0.000000 0.000000 
psys_blizzard_ground 18 prt_darkfog  50 3.000000 0.000000 0.000000 0.000000 0.000000 
0.500000 0.700000   1.000000 0.000000
0.000000 0.682000   1.000000 0.682000
0.000000 0.945000   1.000000 0.945000
0.000000 0.956000   1.000000 0.956000
0.100000 30.000000   1.000000 30.000000
5.000000 5.000000 0.010000   0.000000 0.000000 0.000000   0.000000 
0.000000 0.000000 
psys_blizzard_storm 274 prt_snowstorm  50 4.000000 1.200000 0.000000 50.000000 40.000000 
0.500000 0.300000   1.000000 0.000000
0.000000 0.435000   1.000000 0.682000
0.000000 0.792000   1.000000 0.945000
0.000000 0.807000   1.000000 0.956000
0.100000 30.000000   1.000000 30.000000
10.000000 10.000000 0.000000   0.000000 0.000000 0.000000   0.000000 
0.000000 0.000000 
psys_blizzard_sparkles 4626 prt_sparkle  100 2.000000 0.000000 0.700000 50.000000 40.000000 
0.500000 1.000000   1.000000 0.000000
0.000000 0.435000   1.000000 0.211000
0.000000 0.792000   1.000000 0.572000
0.000000 0.807000   1.000000 0.588000
0.100000 1.000000   1.000000 1.000000
10.000000 10.000000 3.000000   0.000000 0.000000 0.000000   0.000000 
0.000000 0.000000 
psys_bluehand 18 prt_hand_circle  1 8.000000 0.000000 0.000000 0.000000 0.000000 
0.200000 1.000000   1.000000 0.000000
0.500000 0.000000   1.000000 0.000000
0.500000 0.509000   1.000000 0.509000
0.500000 0.941000   1.000000 0.941000
0.000000 0.160000   1.000000 0.100000
0.000000 0.000000 0.000000   0.000000 0.000000 0.000000   0.000000 
0.000000 0.000000 
psys_bluehand_rings 8210 prt_ground_rings  10 2.000000 0.000000 0.000000 0.000000 0.000000 
0.500000 1.000000   1.000000 0.000000
0.500000 0.000000   1.000000 0.000000
0.500000 0.509000   1.000000 0.509000
0.500000 0.941000   1.000000 0.941000
0.100000 1.000000   0.500000 0.400000
0.000000 0.000000 0.000000   0.000000 0.000000 1.000000   0.000000 
500.000000 0.000000 
psys_amethysthand 18 prt_hand_circle  1 8.000000 0.000000 0.000000 0.000000 0.000000 
0.200000 1.000000   1.000000 0.000000
0.000000 0.400000   1.000000 0.400000
0.000000 0.000000   1.000000 0.000000
0.000000 0.800000   1.000000 0.800000
0.000000 0.160000   1.000000 0.100000
0.000000 0.000000 0.000000   0.000000 0.000000 0.000000   0.000000 
0.000000 0.000000 
psys_amethysthand_rings 8210 prt_ground_rings  10 2.000000 0.000000 0.000000 0.000000 0.000000 
0.500000 1.000000   1.000000 0.000000
0.000000 0.400000   1.000000 0.400000
0.000000 0.000000   1.000000 0.000000
0.000000 0.800000   1.000000 0.800000
0.100000 1.000000   0.500000 0.400000
0.000000 0.000000 0.000000   0.000000 0.000000 1.000000   0.000000 
500.000000 0.000000 
psys_blackhand 18 prt_hand_circle  1 8.000000 0.000000 0.000000 0.000000 0.000000 
0.200000 1.000000   1.000000 0.000000
0.500000 0.000000   1.000000 0.000000
0.500000 0.000000   1.000000 0.000000
0.500000 0.000000   1.000000 0.000000
0.000000 0.160000   1.000000 0.100000
0.000000 0.000000 0.000000   0.000000 0.000000 0.000000   0.000000 
0.000000 0.000000 
psys_blackhand_rings 8210 prt_ground_rings  10 2.000000 0.000000 0.000000 0.000000 0.000000 
0.500000 1.000000   1.000000 0.000000
0.500000 0.000000   1.000000 0.000000
0.500000 0.000000   1.000000 0.000000
0.500000 0.000000   1.000000 0.000000
0.100000 1.000000   0.500000 0.400000
0.000000 0.000000 0.000000   0.000000 0.000000 1.000000   0.000000 
500.000000 0.000000 
psys_dust_wall 12818 prtcl_dust_a  100 2.000000 0.100000 0.000000 5.000000 0.000000 
0.500000 0.800000   1.000000 0.000000
0.500000 0.686000   1.000000 0.686000
0.500000 0.611000   1.000000 0.611000
0.500000 0.376000   1.000000 0.376000
0.100000 5.000000   1.000000 5.000000
1.000000 0.010000 0.010000   0.000000 0.000000 1.400000   0.000000 
0.000000 0.000000 
psys_nurgle_wall 12818 prtcl_dust_a  100 2.000000 0.100000 0.000000 5.000000 0.000000 
0.500000 0.600000   1.000000 0.000000
0.500000 0.490000   1.000000 0.490000
0.500000 0.713000   1.000000 0.713000
0.500000 0.243000   1.000000 0.243000
0.100000 5.000000   1.000000 5.000000
1.000000 0.010000 0.010000   0.000000 0.000000 1.400000   0.000000 
0.000000 0.000000 
psys_light_beam_ray 274 prt_lightbeam_ray  3 2.000000 0.000000 0.000000 0.000000 0.000000 
0.500000 0.110000   1.000000 0.000000
0.000000 1.000000   1.000000 0.862000
0.000000 1.000000   1.000000 0.607000
0.000000 1.000000   1.000000 0.035000
0.100000 9.000000   1.000000 21.000000
0.400000 0.400000 0.400000   0.000000 0.000000 0.000000   0.000000 
0.000000 0.000000 
psys_banishment 512 prt_spellsphere  1 0.600000 0.000000 0.000000 0.000000 0.000000 
0.100000 0.300000   1.000000 0.000000
0.000000 1.000000   1.000000 1.000000
0.000000 0.800000   1.000000 0.760000
0.000000 0.000000   1.000000 0.000000
0.000000 1.000000   1.000000 80.000000
0.000000 0.000000 0.000000   0.000000 0.000000 0.000000   0.000000 
0.000000 0.000000 
psys_banishment_sparkles 4626 prt_sparkle  100 0.600000 0.000000 0.700000 50.000000 40.000000 
0.500000 1.000000   1.000000 0.000000
0.000000 1.000000   1.000000 1.000000
0.000000 0.730000   1.000000 0.658000
0.000000 0.000000   1.000000 0.000000
0.100000 2.000000   1.000000 2.000000
0.000000 0.000000 0.000000   0.200000 0.200000 0.200000   100.000000 
0.000000 0.000000 
psys_snow_trail_1 530 prt_snowflake1  100 1.000000 0.000000 0.000000 0.000000 0.000000 
0.100000 0.800000   0.130000 0.000000
0.000000 0.482000   1.000000 0.482000
0.000000 0.886000   1.000000 0.886000
0.000000 0.917000   1.000000 0.917000
0.000000 1.000000   0.800000 2.000000
0.100000 0.100000 0.100000   0.000000 0.000000 0.000000   0.300000 
30.000000 0.000000 
psys_snow_trail_2 530 prt_snowflake2  30 1.000000 0.000000 0.000000 0.000000 0.000000 
0.100000 0.800000   1.000000 0.000000
0.000000 0.482000   1.000000 0.482000
0.000000 0.886000   1.000000 0.886000
0.000000 0.917000   1.000000 0.917000
0.000000 0.100000   0.800000 1.000000
0.100000 0.100000 0.100000   0.000000 0.000000 0.000000   0.300000 
30.000000 0.000000 
psys_snow_trail_3 530 prt_snowflake3  30 1.000000 0.000000 0.000000 0.000000 0.000000 
0.100000 0.800000   1.000000 0.000000
0.000000 0.482000   1.000000 0.482000
0.000000 0.886000   1.000000 0.886000
0.000000 0.917000   1.000000 0.917000
0.000000 0.100000   0.800000 1.000000
0.100000 0.100000 0.100000   0.000000 0.000000 0.000000   0.300000 
30.000000 0.000000 
psys_snow_trail_4 530 prt_snowflake4  30 1.000000 0.000000 0.000000 0.000000 0.000000 
0.100000 0.800000   1.000000 0.000000
0.000000 0.482000   1.000000 0.482000
0.000000 0.886000   1.000000 0.886000
0.000000 0.917000   1.000000 0.917000
0.000000 0.100000   0.800000 1.000000
0.100000 0.100000 0.100000   0.000000 0.000000 0.000000   0.300000 
30.000000 0.000000 
psys_black_horror 274 prt_blackhorror  20 1.000000 1.200000 0.000000 0.000000 0.000000 
0.500000 0.200000   1.000000 0.000000
0.000000 0.000000   1.000000 0.000000
0.000000 0.000000   1.000000 0.000000
0.000000 0.000000   1.000000 0.000000
0.000000 60.000000   1.000000 1.000000
3.000000 3.000000 3.000000   0.000000 0.000000 0.000000   0.000000 
0.000000 0.000000 
psys_black_horror2 274 prt_blackhorror  20 1.000000 1.200000 0.000000 0.000000 0.000000 
0.500000 0.200000   1.000000 0.000000
0.000000 0.000000   1.000000 0.040000
0.000000 0.000000   1.000000 0.040000
0.000000 0.000000   1.000000 0.040000
0.000000 60.000000   1.000000 1.000000
3.000000 3.000000 3.000000   0.000000 0.000000 0.000000   0.000000 
0.000000 0.000000 
psys_black_horror_portal2 274 prt_black_portal2  1 2.000000 0.000000 0.000000 0.000000 0.000000 
0.500000 1.000000   1.000000 0.000000
0.000000 0.000000   1.000000 0.000000
0.000000 0.000000   1.000000 0.000000
0.000000 0.000000   1.000000 0.000000
0.000000 0.000000   1.000000 25.000000
0.000000 0.000000 0.000000   0.000000 0.000000 0.000000   0.000000 
700.000000 0.000000 
psys_black_horror_portal3 274 Buff_particle_4m  10 2.000000 0.000000 -0.200000 0.000000 0.000000 
0.500000 1.000000   1.000000 0.000000
0.000000 0.000000   1.000000 0.050000
0.000000 0.000000   1.000000 0.050000
0.000000 0.000000   1.000000 0.050000
0.000000 0.000000   1.000000 16.000000
8.000000 8.000000 0.000000   0.000000 0.000000 0.000000   0.000000 
0.000000 0.000000 
psys_hawks_of_miska 2 prt_hawk  4 3.000000 0.000000 0.030000 10.000000 0.000000 
0.500000 1.000000   1.000000 0.000000
0.500000 1.000000   1.000000 1.000000
0.500000 1.000000   1.000000 1.000000
0.500000 1.000000   1.000000 1.000000
0.000000 1.000000   1.000000 1.000000
10.000000 10.000000 10.000000   0.000000 15.000000 0.000000   0.000000 
0.000000 0.000000 
psys_hawks_of_miska_debuff 530 Buff_particle_2  1 1.000000 0.000000 -0.070000 0.000000 0.000000 
0.500000 0.400000   1.000000 0.000000
0.000000 0.219000   1.000000 0.160000
0.000000 0.862000   1.000000 0.556000
0.000000 0.839000   1.000000 0.545000
0.100000 3.000000   1.000000 0.000000
0.000000 0.000000 0.000000   0.000000 0.000000 0.100000   0.000000 
200.000000 0.000000 
psys_bironas_timewarp_buff 530 Buff_particle_3  1 1.000000 0.000000 -0.070000 0.000000 0.000000 
0.500000 0.400000   1.000000 0.000000
0.000000 0.980000   1.000000 0.980000
0.000000 0.950000   1.000000 0.950000
0.000000 0.640000   1.000000 0.640000
0.100000 0.000000   1.000000 3.000000
0.000000 0.000000 0.000000   0.000000 0.000000 0.200000   0.000000 
200.000000 0.000000 
psys_bironas_timewarp_buff_burst 530 prt_clock  1 3.000000 0.000000 0.000000 0.000000 0.000000 
0.500000 1.000000   1.000000 0.000000
0.000000 0.980000   1.000000 0.980000
0.000000 0.950000   1.000000 0.950000
0.000000 0.640000   1.000000 0.640000
0.100000 0.900000   1.000000 2.000000
0.000000 0.000000 0.000000   0.000000 0.000000 0.000000   0.000000 
0.000000 0.000000 
