triggersfile version 1
40
0.100000 0.000000 100000000.000000  1 37 1 0  2 1 1 936748722493064094 1120 1 216172782113783828 
0.000000 0.000000 95.000000  0  1 1 1 936748722493063786 
0.000000 0.000000 95.000000  0  1 1 1 936748722493063787 
0.000000 0.000000 95.000000  0  1 1 1 936748722493063788 
0.000000 0.000000 95.000000  0  1 1 1 936748722493063789 
0.000000 0.000000 95.000000  0  3 6 3 1224979098644774912 648518346341351608 648518346341351852 1 2 936748722493063448 1224979098644774912 3 0 
1.000000 0.000000 0.000000  3 200 1 504403158265495605 2147483851 1 504403158265495605 2147483850 1 504403158265495605  29 526 3 1224979098644774912 504403158265495605 8 4 0 132 1 1224979098644774912 2204 2 1224979098644774913 1224979098644774912 2147483681 3 1224979098644774913 432345564227567642 432345564227567661 2133 2 1224979098644774914 8 4 0 2273 0 2133 2 1224979098644774914 5 3 0 11 1 1224979098644774915 32 2 1224979098644774915 648518346341351934 2204 2 1224979098644774916 1224979098644774915 33 3 1224979098644774916 432345564227567642 432345564227567661 2281 3 1224979098644774917 1224979098644774915 1224979098644774912 2147483678 2 1224979098644774917 1224979098644774914 4 0 31 2 144115188075856163 1 2330 2 4 1224979098644774915 1106 1 1585267068834417737 3 0 1 2 936748722493063410 1224979098644774912 2133 2 1224979098644774918 72057594037927936 1 6 936748722493063694 70 1224979098644774915 1224979098644774918 1224979098644774912 -1 3 0 5 0 1106 1 216172782113783826 1 3 936748722493063526 504403158265495605 0 3 0 
4.000000 0.000000 0.000000  11 31 2 144115188075855972 1 2133 2 1224979098644774912 0 4 0 2147483780 1 144115188075856108 2133 2 1224979098644774912 1 5 0 2291 2 1224979098644774913 144115188075856108 2147483679 2 1224979098644774913 144115188075856107 2133 2 1224979098644774912 1 3 0 31 2 1224979098644774912 1  1 2133 2 144115188075855972 0 
15.300000 0.000000 0.000000  1 31 2 144115188075857438 1  8 6 3 1224979098644774912 432345564227567642 432345564227567652 542 3 1224979098644774912 21 0 4 0 2136 3 1224979098644774913 0 100 2147483678 2 1224979098644774913 85 1 3 936748722493063443 1224979098644774912 11 3 0 3 0 
13.100000 0.000000 0.000000  1 31 2 144115188075857438 1  8 6 3 1224979098644774912 432345564227567642 432345564227567652 542 3 1224979098644774912 21 0 4 0 2136 3 1224979098644774913 0 100 2147483678 2 1224979098644774913 35 1 3 936748722493063443 1224979098644774912 10 3 0 3 0 
17.100000 0.000000 0.000000  1 31 2 144115188075857438 1  8 6 3 1224979098644774912 432345564227567642 432345564227567652 542 3 1224979098644774912 21 0 4 0 2136 3 1224979098644774913 0 100 2147483678 2 1224979098644774913 63 1 3 936748722493063443 1224979098644774912 7 3 0 3 0 
19.100000 0.000000 0.000000  1 31 2 144115188075857438 1  8 6 3 1224979098644774912 432345564227567652 432345564227567661 542 3 1224979098644774912 21 0 4 0 2136 3 1224979098644774913 0 100 2147483678 2 1224979098644774913 85 1 3 936748722493063443 1224979098644774912 11 3 0 3 0 
19.700000 0.000000 0.000000  1 31 2 144115188075857438 1  8 6 3 1224979098644774912 432345564227567652 432345564227567661 542 3 1224979098644774912 21 0 4 0 2136 3 1224979098644774913 0 100 2147483678 2 1224979098644774913 35 1 3 936748722493063443 1224979098644774912 10 3 0 3 0 
17.900000 0.000000 0.000000  1 31 2 144115188075857438 1  8 6 3 1224979098644774912 432345564227567652 432345564227567661 542 3 1224979098644774912 21 0 4 0 2136 3 1224979098644774913 0 100 2147483678 2 1224979098644774913 65 1 3 936748722493063443 1224979098644774912 7 3 0 3 0 
0.200000 0.000000 0.000000  43 200 1 504403158265495565 2147483852 1 504403158265495565 546 3 504403158265495565 11 2 526 3 1224979098644774912 504403158265495565 1 526 3 1224979098644774913 504403158265495565 8 4 0 2147483780 1 1224979098644774913 506 3 504403158265495565 11 3 1 2 936748722493063596 504403158265495565 5 0 130 2 1224979098644774913 1224979098644774912 1232 1 1224979098644774913 506 3 504403158265495565 11 3 526 3 1224979098644774914 504403158265495565 4 2133 2 1224979098644774915 0 6 3 1224979098644774916 432345564227567642 432345564227567661 542 3 1224979098644774916 21 0 2147483679 2 1224979098644774916 432345564227567642 2147484194 3 504403158265495565 3 1224979098644774916 2105 2 1224979098644774915 1 3 0 4 0 32 2 1224979098644774915 0 2136 3 1224979098644774917 0 1224979098644774915 2133 2 1224979098644774918 -1 6 3 1224979098644774916 432345564227567642 432345564227567661 31 2 1224979098644774918 -1 542 3 1224979098644774916 21 0 2147483679 2 1224979098644774916 432345564227567642 2147484194 3 504403158265495565 3 1224979098644774916 2106 2 1224979098644774917 1 2147483678 2 1224979098644774917 0 2133 2 1224979098644774918 1224979098644774916 3 0 3 0 4 0 32 2 1224979098644774918 0 1 3 936748722493063426 1224979098644774914 1224979098644774918 5 0 1 3 936748722493063426 1224979098644774914 432345564227567662 3 0 1 2 936748722493063595 504403158265495565 3 0  0 
0.200000 0.000000 0.000000  64 200 1 504403158265495560 2147483852 1 504403158265495560 526 3 1224979098644774912 504403158265495560 7 526 3 1224979098644774913 504403158265495560 1 4 0 132 1 144115188075856085 4 0 130 2 144115188075856085 1224979098644774913 1232 1 144115188075856085 2105 2 144115188075855973 1 5 0 130 2 144115188075856085 1224979098644774912 1232 1 144115188075856085 2105 2 144115188075855974 1 5 0 2281 3 1224979098644774914 648518346341351424 144115188075856085 32 2 1224979098644774914 3 1641 2 144115188075856085 1224979098644774913 3 0 3 0 4 0 132 1 144115188075856086 4 0 130 2 144115188075856086 1224979098644774913 1232 1 144115188075856086 2105 2 144115188075855973 1 5 0 130 2 144115188075856086 1224979098644774912 1232 1 144115188075856086 2105 2 144115188075855974 1 5 0 2281 3 1224979098644774914 648518346341351424 144115188075856086 32 2 1224979098644774914 3 1641 2 144115188075856086 1224979098644774913 3 0 3 0 4 0 132 1 144115188075856087 4 0 130 2 144115188075856087 1224979098644774913 1232 1 144115188075856087 2105 2 144115188075855973 1 5 0 130 2 144115188075856087 1224979098644774912 1232 1 144115188075856087 2105 2 144115188075855974 1 5 0 2281 3 1224979098644774914 648518346341351424 144115188075856087 32 2 1224979098644774914 3 1641 2 144115188075856087 1224979098644774913 3 0 3 0 2133 2 1224979098644774915 144115188075855974 2105 2 1224979098644774915 144115188075855973 30 2 1224979098644774915 3 4 0 30 2 144115188075855974 3 1 2 936748722493063595 504403158265495560 5 0 31 2 144115188075855974 0 1 2 936748722493063596 504403158265495560 5 0 1 2 936748722493063594 504403158265495560 3 0  0 
0.500000 0.000000 0.000000  94 200 1 504403158265495561 31 2 144115188075855980 0 526 3 1224979098644774912 504403158265495561 12 526 3 1224979098644774913 504403158265495561 7 2133 2 1224979098644774914 0 4 0 1073741854 2 144115188075855975 2 3221225604 1 144115188075856084 2147483780 1 144115188075856083 5 0 31 2 144115188075855976 0 2281 3 1224979098644774915 648518346341351424 144115188075856084 4 0 2133 2 1224979098644774916 3 4 0 2273 0 2133 2 1224979098644774916 1 3 0 2147483680 2 1224979098644774915 1224979098644774916 2281 3 1224979098644774917 648518346341351424 1224979098644774912 32 2 1224979098644774917 1 2105 2 144115188075855975 1 4 0 31 2 144115188075855975 2 2133 2 1224979098644774914 1 1106 1 216172782113783978 3 0 5 0 2281 3 1224979098644774915 144115188075856083 144115188075856084 2147483680 2 1224979098644774915 1 1660 2 144115188075856084 144115188075856083 2133 2 144115188075855976 1 2133 2 144115188075855977 0 3 0 5 0 31 2 144115188075855976 1 2281 3 1224979098644774915 648518346341351424 144115188075856083 4 0 2147483680 2 1224979098644774915 1 1661 1 144115188075856084 2105 2 144115188075855975 1 4 0 31 2 144115188075855975 2 2133 2 1224979098644774914 1 1106 1 216172782113783978 3 0 5 0 2105 2 144115188075855977 1 32 2 144115188075855977 4 1661 1 144115188075856084 2133 2 1224979098644774914 1 2133 2 144115188075855976 2 3 0 3 0 4 0 31 2 1224979098644774914 1 1641 2 144115188075856084 1224979098644774912 1641 2 144115188075856083 1224979098644774913 1640 2 144115188075856084 1 1640 2 144115188075856083 1 1603 3 144115188075856084 65536 0 1603 3 144115188075856083 65536 0 3 0 2133 2 1224979098644774918 0 4 0 132 1 144115188075856084 2105 2 1224979098644774918 1 130 2 144115188075856084 1224979098644774912 1232 1 144115188075856084 2133 2 144115188075855978 1 2106 2 1224979098644774918 1 3 0 4 0 132 1 144115188075856083 2105 2 1224979098644774918 1 130 2 144115188075856083 1224979098644774913 1232 1 144115188075856083 2133 2 144115188075855979 1 2106 2 1224979098644774918 1 3 0 4 0 31 2 144115188075855979 1 31 2 144115188075855978 1 1 2 936748722493063596 504403158265495561 3 0 4 0 31 2 1224979098644774918 0 2133 2 144115188075855980 1 1632 3 1224979098644774919 648518346341351424 360287970189642299 1632 3 1224979098644774920 648518346341351424 360287970189642303 32 2 1224979098644774919 0 32 2 1224979098644774920 0 1 2 936748722493063595 504403158265495561 3 0  0 
168.000000 0.000000 0.000000  0  2 2107 2 144115188075855981 102 2108 2 144115188075855981 100 
1.000000 0.000000 100000000.000000  0  0 
1.000000 0.000000 100000000.000000  0  0 
0.300000 0.000000 1.100000  3 200 1 504403158265495581 526 3 1224979098644774912 504403158265495581 8 2147483780 1 1224979098644774912  1 1 3 936748722493063526 504403158265495581 2 
0.300000 0.000000 1.100000  6 200 1 504403158265495583 2147483851 1 504403158265495583 2301 2 1224979098644774912 576460752303423574 2147483678 2 144115188075856148 1224979098644774912 2302 2 1224979098644774913 576460752303423574 31 2 1224979098644774913 144115188075856149  2 1106 1 216172782113783826 1 3 936748722493063526 504403158265495583 0 
0.300000 0.000000 1.100000  6 200 1 504403158265495583 2147483850 1 504403158265495583 2301 2 1224979098644774912 576460752303423574 2147483678 2 144115188075856148 1224979098644774912 2302 2 1224979098644774913 576460752303423574 2147483679 2 1224979098644774913 144115188075856149  1 1 2 936748722493063595 504403158265495583 
1.000000 0.000000 0.000000  5 200 1 504403158265495584 526 3 1224979098644774912 504403158265495584 8 132 1 1224979098644774912 131 1 1224979098644774912 1232 1 1224979098644774912  0 
0.000000 0.000000 336.000000  22 6 3 1224979098644774912 360287970189641442 360287970189641443 500 3 1224979098644774912 12 0 2147483679 2 1224979098644774912 144115188075856013 520 3 1224979098644774913 1224979098644774912 14 542 3 1224979098644774913 21 0 542 3 1224979098644774913 60 1 2147484188 3 1224979098644774912 2 2 6 3 1224979098644774914 0 30 540 3 1224979098644774912 12 0 2136 3 1224979098644774915 648518346341351447 648518346341351497 2204 2 1224979098644774916 1224979098644774915 2190 3 1224979098644774917 1224979098644774916 1224979098644774913 2147483680 2 1224979098644774917 0 500 3 1224979098644774912 12 1224979098644774915 4 0 31 2 144115188075856163 1 2341 2 4 1224979098644774912 2342 2 5 1224979098644774915 1106 1 1585267068834415678 3 0 3 0 3 0  0 
167.000000 0.000000 0.000000  1 1 1 936748722493063606  0 
0.000000 0.000000 24.000000  0  184 2133 2 1224979098644774912 0 2133 2 1224979098644774913 100 6 3 1224979098644774914 360287970189640975 360287970189641064 110 1 1224979098644774914 2105 2 1224979098644774912 1 3 0 2106 2 1224979098644774913 1224979098644774912 2170 3 1224979098644774915 1369094286720630791 360287970189639680 2105 2 1224979098644774913 1224979098644774915 2133 2 72057594037927943 1224979098644774913 4 0 32 2 144115188075855983 0 4 0 31 2 144115188075856758 0 4 0 520 3 1224979098644774916 144115188075855983 71 110 1 144115188075855983 110 1 1224979098644774916 2133 2 144115188075855982 144115188075855983 3 0 2133 2 144115188075855983 0 5 0 31 2 144115188075856758 1 2133 2 144115188075856758 0 2133 2 144115188075855982 -1 2133 2 144115188075855983 0 3 0 3 0 6 3 1224979098644774917 360287970189640975 360287970189641064 500 3 1224979098644774917 81 0 4 0 540 3 1224979098644774917 5 1 500 3 1224979098644774917 80 1 3 0 520 3 1224979098644774918 1224979098644774917 2 4 0 31 2 1224979098644774918 11 520 3 1224979098644774919 1224979098644774917 84 2322 2 31 1224979098644774917 520 3 1224979098644774920 360287970189639680 7 2133 2 72057594037927940 1224979098644774920 2133 2 72057594037927941 1224979098644774919 32 2 1224979098644774920 1224979098644774919 500 3 1224979098644774917 77 0 500 3 1224979098644774917 69 0 500 3 1224979098644774917 2 0 3 0 4 0 31 2 144115188075856758 1 500 3 1224979098644774917 77 0 500 3 1224979098644774917 69 0 3 0 4 0 560 3 1224979098644774917 150 5 540 3 1224979098644774917 151 1 520 3 1224979098644774916 1224979098644774917 144 540 3 1224979098644774916 145 0 500 3 1224979098644774916 145 1 2322 2 3 1224979098644774917 2322 2 4 1224979098644774916 4 0 31 2 144115188075856163 1 1106 1 216172782113789359 3 0 3 0 4 0 110 1 1224979098644774917 2133 2 1224979098644774921 72057594037927936 1 3 936748722493063968 1224979098644774917 0 2133 2 1224979098644774922 72057594037927936 2133 2 72057594037927936 1224979098644774921 4 0 31 2 144115188075856758 0 2147483678 2 1224979098644774922 20 2136 3 1224979098644774923 0 100 2105 2 1224979098644774922 1224979098644774923 2147483678 2 1224979098644774922 20 2133 2 144115188075855984 1224979098644774917 3 0 520 3 1224979098644774924 1224979098644774917 77 2107 2 1224979098644774924 90 2108 2 1224979098644774924 1224979098644774913 500 3 1224979098644774917 77 1224979098644774924 520 3 1224979098644774924 1224979098644774917 69 2107 2 1224979098644774924 90 2108 2 1224979098644774924 1224979098644774913 500 3 1224979098644774917 69 1224979098644774924 4 0 560 3 1224979098644774917 72 1 31 2 144115188075856758 0 520 3 1224979098644774925 1224979098644774917 71 110 1 1224979098644774925 1 4 936748722493063661 1224979098644774917 1224979098644774925 72 3 0 4 0 560 3 1224979098644774917 74 1 31 2 144115188075856758 0 520 3 1224979098644774925 1224979098644774917 73 110 1 1224979098644774925 1 4 936748722493063661 1224979098644774917 1224979098644774925 74 3 0 4 0 560 3 1224979098644774917 76 1 31 2 144115188075856758 0 520 3 1224979098644774925 1224979098644774917 75 110 1 1224979098644774925 520 3 1224979098644774924 1224979098644774917 77 2107 2 1224979098644774924 9 2108 2 1224979098644774924 10 500 3 1224979098644774917 77 1224979098644774924 3 0 4 0 31 2 144115188075856758 0 31 2 144115188075855982 0 31 2 144115188075856026 0 31 2 144115188075855983 0 540 3 1224979098644774917 72 0 520 3 1224979098644774916 1224979098644774917 71 110 1 1224979098644774916 2133 2 144115188075855983 1224979098644774917 3 0 4 0 31 2 144115188075855985 0 31 2 144115188075856758 0 540 3 1224979098644774917 145 1 2133 2 144115188075855985 1224979098644774917 3 0 5 0 2147483758 1 1224979098644774917 31 2 1224979098644774918 5 520 3 1224979098644774926 1224979098644774917 150 4 0 31 2 144115188075856163 1 2322 2 10 1224979098644774917 2133 2 72057594037927936 1224979098644774926 1106 1 1585267068834417738 3 0 4 0 32 2 1224979098644774926 0 2106 2 1224979098644774926 1 500 3 1224979098644774917 150 1224979098644774926 5 0 1073742364 3 1224979098644774917 151 11 540 3 1224979098644774917 151 20 560 3 1224979098644774917 210 1 4 0 540 3 1224979098644774917 151 20 520 3 1224979098644774927 1224979098644774917 67 2136 3 1224979098644774928 170 178 521 3 1224979098644774929 1224979098644774927 1224979098644774928 500 3 1224979098644774929 152 1224979098644774917 2133 2 144115188075855986 1224979098644774929 3 0 5 0 560 3 1224979098644774917 151 1 3221226012 3 1224979098644774917 151 8 101 1 648518346341351424 2133 2 144115188075855986 1224979098644774917 3 0 3 0 3 0 4 0 540 3 360287970189640979 2 12 520 3 1224979098644774930 360287970189640979 279 520 3 1224979098644774931 360287970189640979 276 2270 1 1224979098644774932 4 0 30 2 1224979098644774931 1 30 2 1224979098644774930 1 2121 3 1224979098644774933 1224979098644774932 1224979098644774930 30 2 1224979098644774933 48 500 3 1224979098644774931 276 1 2322 2 1 1224979098644774931 1106 1 1585267068834417739 500 3 360287970189640979 276 0 3 0 4 0 31 2 1224979098644774931 0 30 2 1224979098644774930 1 2133 2 144115188075855986 360287970189640979 500 3 360287970189640979 151 8 500 3 360287970189640979 2 5 3 0 3 0 
13.000000 0.000000 0.000000  1 31 2 144115188075856162 1  13 2133 2 1224979098644774912 360287970189641064 6 3 1224979098644774913 360287970189640975 1224979098644774912 540 3 1224979098644774913 2 5 6 3 1224979098644774914 0 4 1541 3 1224979098644774915 1224979098644774913 1224979098644774914 30 2 1224979098644774915 0 1073741855 2 1224979098644774915 288230376151712402 1073741855 2 1224979098644774915 288230376151712401 31 2 1224979098644774915 288230376151712717 372 1 80 2133 2 1224979098644774912 0 3 0 3 0 
24.000000 0.000000 120.000000  0  25 2133 2 1224979098644774912 0 6 3 1224979098644774913 648518346341351447 648518346341351852 521 3 1224979098644774914 1224979098644774913 7 31 2 1224979098644774914 360287970189639680 2133 2 1224979098644774912 1 3 0 31 2 1224979098644774912 1 4 0 30 2 144115188075856163 1 2133 2 72057594037927936 144115188075857103 1106 1 1585267068834417740 3 0 2133 2 1224979098644774915 0 4 0 31 2 144115188075857103 0 2133 2 1224979098644774915 1 5 0 2147483679 2 144115188075857103 -1 2147483679 2 144115188075857103 360287970189642509 2133 2 1224979098644774915 1 3 0 4 0 31 2 1224979098644774915 1 1 4 936748722493063500 864691128455135831 0 0 3 0 
24.000000 0.000000 144.000000  0  25 2133 2 1224979098644774912 0 6 3 1224979098644774913 648518346341351447 648518346341351608 521 3 1224979098644774914 1224979098644774913 7 31 2 1224979098644774914 360287970189639680 2133 2 1224979098644774912 1 3 0 31 2 1224979098644774912 1 4 0 30 2 144115188075856163 1 2133 2 72057594037927936 144115188075857101 1106 1 1585267068834417741 3 0 2133 2 1224979098644774915 0 4 0 31 2 144115188075857101 0 2133 2 1224979098644774915 1 5 0 2147483679 2 144115188075857101 -1 2147483679 2 144115188075857101 360287970189642510 2133 2 1224979098644774915 1 3 0 4 0 31 2 1224979098644774915 1 1 4 936748722493063500 864691128455135833 0 0 3 0 
24.000000 0.000000 192.000000  0  25 2133 2 1224979098644774912 0 6 3 1224979098644774913 648518346341351447 648518346341351497 521 3 1224979098644774914 1224979098644774913 7 31 2 1224979098644774914 360287970189639680 2133 2 1224979098644774912 1 3 0 31 2 1224979098644774912 1 4 0 30 2 144115188075856163 1 2133 2 72057594037927936 144115188075857097 1106 1 1585267068834417742 3 0 2133 2 1224979098644774915 0 4 0 31 2 144115188075857097 0 2133 2 1224979098644774915 1 5 0 2147483679 2 144115188075857097 -1 2147483679 2 144115188075857097 360287970189642511 2133 2 1224979098644774915 1 3 0 4 0 31 2 1224979098644774915 1 1 4 936748722493063500 864691128455135835 0 0 3 0 
24.000000 0.000000 100000000.000000  1 31 2 0 1  1 1 2 936748722493063906 1 
0.100000 0.500000 0.000000  2 37 1 0 31 2 144115188075857085 1  1 2133 2 144115188075857085 0 
0.100000 0.000000 0.000000  6 1608 2 1224979098644774912 648518346341351424 2133 2 72057594037927937 1224979098644774912 2147483679 2 1224979098644774912 7 2147483679 2 1224979098644774912 8 2147483679 2 1224979098644774912 0 31 2 144115188075856182 1  1 1676 2 648518346341351424 1297036692682702897 
24.000000 0.000000 0.000000  0  1 500 3 360287970189642512 12 0 
0.000000 0.000000 0.000000  3 31 2 144115188075857086 1 32 2 144115188075857087 0 2147483780 1 144115188075857087  12 2133 2 144115188075857086 5 1 1 936748722493064600 1 1 936748722493064606 1650 2 1224979098644774912 648518346341351424 7 3 1224979098644774913 0 1224979098644774912 1652 3 1224979098644774914 648518346341351424 1224979098644774913 2147485155 1 1224979098644774914 1653 3 1224979098644774915 648518346341351424 1224979098644774913 1615 3 648518346341351424 1224979098644774914 1224979098644774915 3 0 2133 2 144115188075856273 144115188075856188 2060 1 864691128455135644 
0.000000 0.000000 0.000000  15 31 2 144115188075857086 1 4 0 561 3 648518346341351445 68 1 37 0 501 3 648518346341351445 68 0 1695 2 1224979098644774912 648518346341351424 7 3 1224979098644774913 0 1224979098644774912 1696 3 1224979098644774914 648518346341351424 1224979098644774913 1661 1 1224979098644774914 3 0 3 0 1680 2 1224979098644774915 144115188075857087 32 2 1224979098644774915 0 2175 2 1224979098644774916 360287970189639680 30 2 1224979098644774916 50  1 2060 1 864691128455135945 
1.000000 0.000000 0.000000  8 31 2 144115188075857086 0 32 2 144115188075857087 0 2147483780 1 144115188075857087 2173 2 1224979098644774912 144115188075857738 2190 3 1224979098644774913 432345564227567642 1224979098644774912 2147483678 2 1224979098644774913 0 1696 3 1224979098644774914 648518346341351424 0 31 2 648518346341351427 1224979098644774914  37 2133 2 144115188075857087 -1 1661 1 648518346341351427 2170 3 1224979098644774912 1369094286720630785 360287970189639680 2170 3 1224979098644774913 1369094286720630791 360287970189639680 2120 3 1224979098644774914 1224979098644774913 1224979098644774912 2105 2 1224979098644774914 10 2136 3 1224979098644774915 0 1224979098644774914 4 0 33 3 1224979098644774915 0 5 1 3 936748722493063342 648518346341351424 0 2133 2 1224979098644774916 72057594037927936 1 3 936748722493063342 648518346341351427 0 2133 2 1224979098644774917 72057594037927936 30 2 1224979098644774917 1224979098644774916 1651 2 1224979098644774918 648518346341351427 6 3 1224979098644774919 0 1224979098644774918 1656 3 1224979098644774920 648518346341351427 1224979098644774919 1657 3 1224979098644774921 648518346341351427 1224979098644774919 1616 3 648518346341351427 1224979098644774920 1224979098644774921 3 0 1120 2 1585267068834417743 1585267068834417744 1300 1 648518346341351427 2052 0 5 0 33 3 1224979098644774915 5 10 1120 2 1585267068834417745 1585267068834417746 1617 1 648518346341351427 5 0 1120 2 1585267068834417747 1585267068834417746 1650 2 1224979098644774918 648518346341351427 6 3 1224979098644774919 0 1224979098644774918 1652 3 1224979098644774920 648518346341351427 1224979098644774919 1653 3 1224979098644774921 648518346341351427 1224979098644774919 1610 3 648518346341351424 1224979098644774920 1224979098644774921 3 0 1617 1 648518346341351427 3 0 
0.000000 0.000000 0.000000  6 31 2 144115188075857086 1 71 1 224 2124 1 1000 75 1 0 727 2 1224979098644774912 0 32 2 1224979098644774912 50  2 2060 1 864691128455135945 1031 3 9999 4 0 
24.000000 0.000000 0.000000  1 31 2 144115188075857086 2  16 520 3 1224979098644774912 360287970189639680 150 4 0 32 2 1224979098644774912 5 2106 2 1224979098644774912 1 500 3 360287970189639680 150 1224979098644774912 5 0 33 3 1224979098644774912 1 5 2133 2 72057594037927936 1224979098644774912 1106 1 1585267068834417748 2106 2 1224979098644774912 1 500 3 360287970189639680 150 1224979098644774912 5 0 31 2 1224979098644774912 0 1 1 936748722493064605 1106 1 1585267068834417749 3 0 
