1
1
1
1
1
1
1
1
1
1
1
1
1
1
1
1
1
1
1
1
1
1
1
1
1
1
1
1
1
1
1
1
1
1
1
1
1
1
1
1
1
1
1
1
1
1
1
1
1
1
1
1
1
1
1
1
1
1
1
1
1
1
1
1
1
1
1
1
1
1
1
1
1
1
1
1
1
1
1
1
1
1
1
1
1
1
1
1
1
1
1
1
1
1
1
1
1
1
1
1
9
2
6
4
3
2
2
2
6
11
7
6
7
6
28
2898
19
546
153
45
68
123
11
2
17
52
13
10
5
3
2
3
2
2
8
286
38
31
2
9
12
59
2
2
3
20
85
12
20
90
11
103
168
7
6
5
6
2
2
50
16
15
28
7
2
2
9
2
14
5
2
5
4
10
5
13
3
6
10
2
4
3
4
4
4
2
2
11
2
6
5
17
4
8
49
2
51
1
19
6
7
2
21
2
5
3
5
2
191
3
3
17
18
11
11
11
8
6
2
19
3
2
11
4
3
2
6
5
5
5
10
4
9
2
3
14
23
7
291
2
1
2
4
2
2
2
2
5
2
2
5
5
5
5
5
7
1
1
1
7
4
4
3
9
3
3
4
5
5
23
18
6
2
2
2
1
3
3
9
3
2
2
2
2
49
3
5
3
2
3
268
471
2
1
1
6
40
105
1
92
1
1
8
4
18
6
3
19
64
3
6
16
7
16
18
3
70
46
7
18
15
217
5
2
4
3
2
32
2
9
2
2
3
3
5
3
2
3
7
7
7
816
9
68
3
19
3
3
5
3
12
3
2
16
1
2
7
9
7
3
3
2
3
2
7
2
2
5
13
5
4
3
9
12
7
5
3
2
11
3
5
5
2
5
4
3
17
5
5
5
5
5
2
22
4
7
2
2
2
6
5
1028
2
2
12
3
2
3
13
3
14
26
5
87
4
1077
3
2
2
2
31
2
2
2
2
29
32
22
2
2
31
13
31
9
3
3
10
10
4
9
11
4
7
2
8
2
2
2
2
2
2
3
6
3
3
1
13
2
2
2
2
2
2
2
2
2
6
1
25
3
3
3
3
3
2
1
14
2
2
2
2
2
2
2
1
9
2
2
2
2
2
2
1
11
9
293
9
17
9
3
2
2
21
2
2
3
3
2
2
2
9
13
38
36
9
5
36
10
7
12
3
2
2
10
4
13
11
16
18
15
12
12
13
13
13
13
7
7
7
2
2
2
2
2
2
2
2
2
3
4
3
5
4
4
4
4
4
4
6
6
5
5
4
4
4
4
4
4
4
9
7
10
4
4
4
11
4
4
4
4
4
4
4
4
4
4
4
4
4
12
4
4
4
4
36
7
7
3
4
7
3
7
3
4
3
2
2
4
38
8
7
3
7
3
7
3
7
3
7
3
7
3
7
3
7
3
7
3
4
4
2
2
2
2
11
6
5
5
2
2
2
2
2
40
24
7
4
2
5
2
2
5
5
29
18
14
8
12
8
2
4
3
4
4
4
5
5
7
5
5
5
4
3
2
4
5
4
15
4
4
4
4
4
4
2
3
4
4
3
3
5
2
4
3
3
4
4
3
3
2
4
4
24
32
13
25
4
4
3
3
3
3
3
3
3
4
4
3
3
3
3
3
3
4
4
3
3
3
3
4
4
3
3
3
3
4
4
3
3
3
3
4
4
3
3
24
3
5
4
4
2
3
3
2
8
8
8
8
8
8
8
8
8
38
38
38
38
38
38
38
38
38
3
38
29
8
12
12
12
38
28
8
12
12
12
38
26
8
12
12
12
38
26
8
12
12
12
38
26
8
12
12
12
38
26
8
12
12
12
38
26
8
12
12
12
38
26
8
12
12
12
38
26
8
12
12
12
23
24
24
21
18
16
15
18
3
3
11
7
7
7
7
4
4
4
4
4
4
4
4
4
4
4
4
6
9
11
9
10
5
5
6
22
25
10
8
6
6
6
6
7
10
7
6
4
4
3
3
1
1
3
1
11
3
1
3
20
4
34
15
22
22
4
4
11
8
19
19
27
27
19
9
7
7
7
7
6
25
10
5
5
13
12
12
27
170
44
5
20
3
10
19
1
36
33
3
3
2
9
10
11
10
28
18
6
4
9
3
2
2
2
2
3
5
2
4
2
3
11
3
20
1
3
3
4
4
6
2
4
4
7
3
3
3
19
14
4
4
5
4
2
6
7
5
2
5
7
2
5
3
3
15
3
3
3
3
2
2
5
5
8
19
2
3
27
3
5
2
3
2
2
2
36
31
148
46
3
2
2
3
3
23
10
12
12
9
3
3
3
3
2
17
6
2
7
21
12
2
3
11
11
10
10
9
5
9
11
7
8
4
1
3
2
2
3
2
21
27
10
13
3
3
4
3
4
1
13
6
6
3
3
2
2
3
6
18
17
5
10
12
5
2
3
3
17
11
16
7
8
3
14
14
29
29
28
29
29
28
17
8
15
8
15
8
12
8
15
8
15
8
16
3
13
3
10
10
8
6
9
14
7
6
4
4
2
2
2
2
2
2
2
2
2
2
2
2
2
3
2
2
2
2
5
2
2
2
3
2
1
3
1
19
2
1
39
2
1
7
7
7
7
7
7
9
3
4
26
1
4
7
12
6
8
2
4
4
2
2
2
2
2
2
2
2
2
2
4
7
9
13
7
2
17
6
5
3
11
2
2
2
9
3
3
4
2
4
7
2
6
2
2
5
5
2
1
6
5
1
3
8
8
8
8
1
62
45
6
98
3
11
189
36
39
20
16
8
6
8
18
1
52
10
1
1
3
6
4
251
2
4
4
4
2
1
4
6
6
6
6
6
5
6
6
6
6
6
6
6
6
6
6
6
6
6
6
6
6
6
6
6
6
0
4
6
0
5
6
0
6
0
6
6
0
6
6
0
6
6
3
6
96
0
80
1
2
2
1
29
3
2
16
48
2
5
4
4
4
1
4
4
6
10
1
19
24
23
364
30
48
8
49
2
8
9
1
1
1
3
3
3
1
1
1
1
1
1
1
1
7
4
2
38
4
20
9
47
49
2
14
30
23
0
75
48
55
49
16
0
27
27
27
27
54
48
54
54
27
27
23
11
11
27
27
79
0
150
5
16
1
417
103
85
46
4
55
1
688
1087
4
202
390
160
114
114
38
38
38
154
76
76
114
76
14
16
479
23
2
23
159
99
198
22
0
22
22
22
44
10
10
10
20
20
20
20
30
30
10
20
60
60
20
40
40
20
10
65
1
1
1
1
2
2
2
4
0
5
6
6
11
7
3
0
0
50
38
34
22
23
24
16
16
16
8
6
12
2
3
3
3
1
3
1
3
16
6
6
1
1
1
1
1
2
1
1
8
3
55
3
3
3
3
3
3
7
3
10
11
14
4
14
3
3
1
1
1
1
1
7
7
6
6
12
3
10
3
3
3
2
2
3
3
1
9
3
5
1
4
1
4
3
4
3
3
8
6
4
10
6
12
1
4
3
2
1
7
85
4
1
8
20
4
1
38
1
1
1
1
1
1
28
7
11
1
0
3
1
1
0
0
0
0
8
1
1
2
2
1
1
2
1
2
0
18
0
7
0
0
0
3
4
167
2
3
2
3
2
3
2
3
1
1
1
1
1
18
11
4
13
17
8
4
4
2
1
52
12
7
2
2
2
2
2
2
2
4
5
2
3
0
0
0
0
0
0
0
0
1
2
1
0
11
11
11
11
11
11
11
2
3
6
2
1
18
7
24
13
20
14
10
12
17
14
23
15
13
11
17
15
10
14
21
17
10
17
70
6
5
2
5
2
2
2
3
2
3
2
3
2
3
2
27
3
2
3
2
3
2
3
2
54
3
2
3
2
5
2
3
2
3
2
3
2
3
3
2
3
2
4
2
3
2
24
3
2
3
2
54
3
2
3
2
3
2
3
2
3
2
17
3
2
11
3
2
3
2
3
2
4
2
3
2
20
3
2
3
2
3
2
3
3
2
3
2
3
2
3
2
12
3
2
3
2
3
2
12
3
2
2
2
3
2
3
2
3
2
3
2
3
2
3
2
3
2
2
2
3
2
3
2
3
2
3
2
3
2
3
2
3
2
3
2
3
2
3
2
3
2
3
1
2
2
1
1
1
2
2
7
78
78
229
229
77
77
39
229
229
89
17
17
1
4
4
1
1
2
1
30
6
6
6
6
3
3
2
